3_Status,10_Total_Venture_Funding (Disclosed),10.2_Number of Venture Funding rounds (#),15_Last_funding_round_raised_type,16_Last funding round raised amount,18_Amount,"Companies Information, Level of Completeness",Total Number of Funding Rounds,Total Funding todate (disclosed),"Stage, DA Classified",Total Number of Venture Funding Rounds,Total Venture funding todate (disclosed),Acquired,1. Grant,2. Seed,3. Early Venture,4. Late Venture,5. Debt Financing,6.Private Equity,7. Offerings,8. Exits,Sector_Financial Services,Sector_Information Technology,Sector_E-Commerce & Retail,Sector_Commercial & Professional Services,Average time of rounds(days),Business_model_B2C,Business_model_B2B,Female_Co-Founder,Male_Co-Founder,number of market countires,number of investors,number of founders,number of bussiness categories,number of other offices,age_of_company
Active,0.0,0.0,1,409806000,409806000,0.7096774193548387,0.0,0.0,Growth,0.0,0.0,0.0,0.0,0.0,0.0,0.0,0.0,0.0,0.0,0.0,0,0,0,0,529.0,0,0,0,0,14,0,2,3,14,9.0
Active,0.0,0.0,1,100000000,100000000,0.8709677419354839,0.0,0.0,Growth,0.0,0.0,0.0,0.0,0.0,0.0,0.0,0.0,0.0,0.0,0.0,0,0,0,0,395.0,0,1,1,0,4,6,6,5,4,7.0
Acquired,0.0,0.0,0,69000000,100000000,0.6774193548387096,0.0,0.0,Growth,0.0,0.0,0.0,0.0,0.0,0.0,0.0,0.0,0.0,0.0,0.0,0,0,0,0,1054.0,0,0,0,0,1,0,1,3,0,10.0
Active,0.0,0.0,0,20000000,55000000,0.8387096774193549,0.0,0.0,Growth,0.0,0.0,0.0,0.0,0.0,0.0,0.0,0.0,0.0,0.0,0.0,0,0,0,0,0.0,1,1,1,0,1,6,3,4,0,10.0
Active,0.0,0.0,0,41000000,50000000,0.7096774193548387,0.0,0.0,Growth,0.0,0.0,0.0,0.0,0.0,0.0,0.0,0.0,0.0,0.0,0.0,0,0,0,0,195.0,0,0,0,0,1,0,2,3,0,14.0
Active,0.0,0.0,1,30000000,8000000,0.7096774193548387,0.0,0.0,Early,0.0,0.0,0.0,0.0,0.0,0.0,0.0,0.0,0.0,0.0,0.0,0,0,0,0,260.0,0,0,0,0,3,0,1,5,2,4.0
Active,0.0,0.0,1,12500000,52000000,0.8064516129032258,0.0,0.0,Early,0.0,0.0,0.0,0.0,0.0,0.0,0.0,0.0,0.0,0.0,0.0,1,0,0,0,255.0,0,0,0,1,10,7,1,6,0,7.0
Active,0.0,0.0,0,10000000,80000000,0.6774193548387096,0.0,0.0,Growth,0.0,0.0,0.0,0.0,0.0,0.0,0.0,0.0,0.0,0.0,0.0,0,0,0,0,263.0,0,0,0,0,2,0,3,3,0,10.0
Active,0.0,0.0,1,47500000,47500000,0.6774193548387096,0.0,0.0,Growth,0.0,0.0,0.0,0.0,0.0,0.0,0.0,0.0,0.0,0.0,0.0,1,0,0,0,1208.0,0,0,0,0,9,0,2,8,0,17.0
Active,0.0,0.0,1,30000000,30000000,0.8387096774193549,0.0,0.0,Early,0.0,0.0,0.0,0.0,0.0,0.0,0.0,0.0,0.0,0.0,0.0,0,0,0,0,1311.0,0,0,0,1,1,2,4,3,0,13.0
Active,0.0,0.0,1,50000000,50000000,0.8387096774193549,0.0,0.0,Early,0.0,0.0,0.0,0.0,0.0,0.0,0.0,0.0,0.0,0.0,0.0,1,0,0,0,0.0,0,0,0,0,2,6,1,2,1,3.0
Active,0.0,0.0,1,45000000,45000000,0.8387096774193549,0.0,0.0,Early,0.0,0.0,0.0,0.0,0.0,0.0,0.0,0.0,0.0,0.0,0.0,1,0,0,0,0.0,1,0,0,1,3,2,1,5,2,6.0
Active,0.0,0.0,1,20000000,20000000,0.7419354838709677,0.0,0.0,Early,0.0,0.0,0.0,0.0,0.0,0.0,0.0,0.0,0.0,0.0,0.0,0,0,0,0,654.0,0,0,0,1,1,0,2,5,0,10.0
Active,0.0,0.0,0,40000000,40000000,0.7096774193548387,0.0,0.0,Growth,0.0,0.0,0.0,0.0,0.0,0.0,0.0,0.0,0.0,0.0,0.0,0,0,0,0,0.0,0,0,0,1,1,0,1,8,0,22.0
Active,0.0,0.0,1,10000000,13000000,0.7096774193548387,0.0,0.0,Early,0.0,0.0,0.0,0.0,0.0,0.0,0.0,0.0,0.0,0.0,0.0,1,0,0,0,966.0,0,0,0,1,1,0,2,4,0,12.0
Acquired,0.0,0.0,1,10000000,10000000,0.8387096774193549,0.0,0.0,Early,0.0,0.0,0.0,0.0,0.0,0.0,0.0,0.0,0.0,0.0,0.0,0,0,0,0,659.0,1,0,0,1,1,1,2,5,1,9.0
Active,0.0,0.0,1,19000000,19000000,0.7096774193548387,0.0,0.0,Growth,0.0,0.0,0.0,0.0,0.0,0.0,0.0,0.0,0.0,0.0,0.0,0,0,0,0,758.0,0,0,0,1,1,0,2,7,0,11.0
Active,0.0,0.0,1,10000000,10300000,0.7096774193548387,0.0,0.0,Early,0.0,0.0,0.0,0.0,0.0,0.0,0.0,0.0,0.0,0.0,0.0,0,0,0,0,133.0,0,0,0,0,1,0,2,3,0,8.0
Active,0.0,0.0,1,25000000,25000000,0.6774193548387096,0.0,0.0,Growth,0.0,0.0,0.0,0.0,0.0,0.0,0.0,0.0,0.0,0.0,0.0,0,0,0,0,233.0,0,0,0,1,1,0,2,3,0,8.0
Active,0.0,0.0,1,26000000,26000000,0.6129032258064516,0.0,0.0,Growth,0.0,0.0,0.0,0.0,0.0,0.0,0.0,0.0,0.0,0.0,0.0,0,0,0,0,208.0,0,0,0,0,5,0,2,3,0,9.0
Active,0.0,0.0,1,9730000,9730000,0.7741935483870968,0.0,0.0,Early,0.0,0.0,0.0,0.0,0.0,0.0,0.0,0.0,0.0,0.0,0.0,0,0,0,0,386.0,0,0,0,1,4,5,3,4,0,7.0
Active,0.0,0.0,1,1000000,12000000,0.7419354838709677,0.0,0.0,Growth,0.0,0.0,0.0,0.0,0.0,0.0,0.0,0.0,0.0,0.0,0.0,0,0,0,0,382.0,0,0,0,0,1,7,2,6,0,9.0
Active,0.0,0.0,1,22646000,0,0.6129032258064516,0.0,0.0,Not known,0.0,0.0,0.0,0.0,0.0,0.0,0.0,0.0,0.0,0.0,0.0,0,0,0,0,35.0,0,0,0,0,1,0,2,3,0,10.0
Active,0.0,0.0,1,10000000,10000000,0.7096774193548387,0.0,0.0,Early,0.0,0.0,0.0,0.0,0.0,0.0,0.0,0.0,0.0,0.0,0.0,1,0,0,0,197.0,0,0,0,0,4,0,2,3,4,5.0
Active,0.0,0.0,1,20000000,20000000,0.8709677419354839,0.0,0.0,Early,0.0,0.0,0.0,0.0,0.0,0.0,0.0,0.0,0.0,0.0,0.0,0,0,0,0,0.0,1,0,0,1,4,2,1,1,4,6.0
Active,0.0,0.0,0,1000000,15000000,0.7096774193548387,0.0,0.0,Growth,0.0,0.0,0.0,0.0,0.0,0.0,0.0,0.0,0.0,0.0,0.0,1,0,0,0,805.0,0,0,0,0,4,0,2,2,4,12.0
Active,0.0,0.0,1,16000000,16000000,0.6774193548387096,0.0,0.0,Early,0.0,0.0,0.0,0.0,0.0,0.0,0.0,0.0,0.0,0.0,0.0,1,0,0,0,764.0,0,0,0,0,1,0,4,6,0,8.0
Active,0.0,0.0,1,13000000,13000000,0.6451612903225806,0.0,0.0,Early,0.0,0.0,0.0,0.0,0.0,0.0,0.0,0.0,0.0,0.0,0.0,1,0,0,0,527.0,0,0,0,0,1,0,1,7,0,7.0
Active,0.0,0.0,1,5000000,5000000,0.7096774193548387,0.0,0.0,Early,0.0,0.0,0.0,0.0,0.0,0.0,0.0,0.0,0.0,0.0,0.0,1,0,0,0,407.0,0,0,1,0,7,0,3,4,0,8.0
Active,0.0,0.0,1,14000000,14000000,0.8709677419354839,0.0,0.0,Early,0.0,0.0,0.0,0.0,0.0,0.0,0.0,0.0,0.0,0.0,0.0,1,0,0,0,0.0,0,1,0,1,26,4,1,4,5,11.0
Active,0.0,0.0,1,13000000,13000000,0.8387096774193549,0.0,0.0,Early,0.0,0.0,0.0,0.0,0.0,0.0,0.0,0.0,0.0,0.0,0.0,1,0,0,0,0.0,0,1,1,0,1,1,3,2,1,4.0
Active,0.0,0.0,1,12000000,0,0.6451612903225806,0.0,0.0,Early,0.0,0.0,0.0,0.0,0.0,0.0,0.0,0.0,0.0,0.0,0.0,0,1,0,0,0.0,0,0,0,0,1,0,2,7,2,7.0
Active,0.0,0.0,1,8000000,8000000,0.7096774193548387,0.0,0.0,Early,0.0,0.0,0.0,0.0,0.0,0.0,0.0,0.0,0.0,0.0,0.0,1,0,0,0,444.0,0,0,0,0,1,1,2,4,0,6.0
Active,0.0,0.0,1,2000000,3000000,0.7419354838709677,0.0,0.0,Early,0.0,0.0,0.0,0.0,0.0,0.0,0.0,0.0,0.0,0.0,0.0,0,0,0,0,324.0,0,0,1,0,1,0,4,8,0,7.0
Active,0.0,0.0,0,16000000,16000000,0.6451612903225806,0.0,0.0,Growth,0.0,0.0,0.0,0.0,0.0,0.0,0.0,0.0,0.0,0.0,0.0,0,0,0,0,206.0,0,0,0,1,3,0,1,2,0,4.0
Active,0.0,0.0,1,9000000,9000000,0.8709677419354839,0.0,0.0,Early,0.0,0.0,0.0,0.0,0.0,0.0,0.0,0.0,0.0,0.0,0.0,0,0,0,0,0.0,0,0,0,1,1,5,2,2,1,8.0
Active,0.0,0.0,1,8600000,8600000,0.8387096774193549,0.0,0.0,Early,0.0,0.0,0.0,0.0,0.0,0.0,0.0,0.0,0.0,0.0,0.0,0,1,0,0,2215.0,1,1,0,1,6,4,2,4,0,11.0
Active,0.0,0.0,1,6900000,6900000,0.8709677419354839,0.0,0.0,Early,0.0,0.0,0.0,0.0,0.0,0.0,0.0,0.0,0.0,0.0,0.0,1,0,0,0,420.0,0,0,0,1,1,6,2,5,0,5.0
Active,0.0,0.0,1,7000000,7000000,0.7096774193548387,0.0,0.0,Early,0.0,0.0,0.0,0.0,0.0,0.0,0.0,0.0,0.0,0.0,0.0,0,0,0,0,1113.0,0,0,0,1,5,0,2,3,0,9.0
Active,0.0,0.0,1,3600000,3600000,0.6774193548387096,0.0,0.0,Early,0.0,0.0,0.0,0.0,0.0,0.0,0.0,0.0,0.0,0.0,0.0,0,0,0,0,373.0,0,0,0,0,9,0,2,11,0,7.0
Active,0.0,0.0,1,6000000,6000000,0.7419354838709677,0.0,0.0,Early,0.0,0.0,0.0,0.0,0.0,0.0,0.0,0.0,0.0,0.0,0.0,0,0,0,0,903.0,0,0,0,1,1,0,1,4,1,12.0
Active,0.0,0.0,0,1200000,1200000,0.6774193548387096,0.0,0.0,Early,0.0,0.0,0.0,0.0,0.0,0.0,0.0,0.0,0.0,0.0,0.0,0,0,0,0,103.0,0,0,0,0,8,0,2,9,0,4.0
Active,0.0,0.0,0,1000000,1000000,0.7096774193548387,0.0,0.0,Early,0.0,0.0,0.0,0.0,0.0,0.0,0.0,0.0,0.0,0.0,0.0,0,0,0,0,345.0,0,0,0,1,1,0,2,8,0,6.0
Active,0.0,0.0,1,7000000,7000000,0.8709677419354839,0.0,0.0,Early,0.0,0.0,0.0,0.0,0.0,0.0,0.0,0.0,0.0,0.0,0.0,0,1,0,0,0.0,0,1,1,0,1,2,2,1,2,7.0
Active,0.0,0.0,0,5000000,5000000,0.7419354838709677,0.0,0.0,Early,0.0,0.0,0.0,0.0,0.0,0.0,0.0,0.0,0.0,0.0,0.0,0,0,0,0,481.0,0,0,0,1,2,0,1,4,2,6.0
Active,0.0,0.0,1,2100000,2600000,0.8709677419354839,0.0,0.0,Early,0.0,0.0,0.0,0.0,0.0,0.0,0.0,0.0,0.0,0.0,0.0,1,0,0,0,470.0,0,0,0,1,1,6,2,7,1,10.0
Active,0.0,0.0,1,6500000,6500000,0.7419354838709677,0.0,0.0,Early,0.0,0.0,0.0,0.0,0.0,0.0,0.0,0.0,0.0,0.0,0.0,1,0,0,0,993.0,0,0,0,1,1,0,2,3,1,7.0
Active,0.0,0.0,1,2000000,16000000,0.7096774193548387,0.0,0.0,Early,0.0,0.0,0.0,0.0,0.0,0.0,0.0,0.0,0.0,0.0,0.0,0,0,0,0,737.0,0,0,1,0,1,0,2,3,0,9.0
Active,0.0,0.0,0,1200000,1200000,0.7419354838709677,0.0,0.0,Early,0.0,0.0,0.0,0.0,0.0,0.0,0.0,0.0,0.0,0.0,0.0,0,0,0,0,409.0,0,0,0,1,1,0,3,2,1,6.0
Active,0.0,0.0,0,337300,337300,0.7096774193548387,0.0,0.0,Early,0.0,0.0,0.0,0.0,0.0,0.0,0.0,0.0,0.0,0.0,0.0,0,0,0,0,228.0,0,0,0,1,1,0,2,7,0,4.0
Active,0.0,0.0,1,5500000,0,0.6451612903225806,0.0,0.0,Early,0.0,0.0,0.0,0.0,0.0,0.0,0.0,0.0,0.0,0.0,0.0,1,0,0,0,0.0,0,0,0,1,1,0,1,4,0,6.0
Active,0.0,0.0,1,5000000,0,0.7096774193548387,0.0,0.0,Early,0.0,0.0,0.0,0.0,0.0,0.0,0.0,0.0,0.0,0.0,0.0,1,0,0,0,372.0,0,0,0,1,1,0,2,5,0,5.0
Active,0.0,0.0,1,3000000,3000000,0.7096774193548387,0.0,0.0,Early,0.0,0.0,0.0,0.0,0.0,0.0,0.0,0.0,0.0,0.0,0.0,0,1,0,0,471.0,0,0,0,0,1,1,2,4,0,7.0
Active,0.0,0.0,1,5000000,5000000,0.6774193548387096,0.0,0.0,Early,0.0,0.0,0.0,0.0,0.0,0.0,0.0,0.0,0.0,0.0,0.0,0,0,0,0,0.0,0,0,0,0,1,0,1,3,0,5.0
Dead,0.0,0.0,1,5000000,5000000,0.6774193548387096,0.0,0.0,Early,0.0,0.0,0.0,0.0,0.0,0.0,0.0,0.0,0.0,0.0,0.0,0,0,0,0,0.0,0,0,0,1,1,0,1,3,0,10.0
Active,0.0,0.0,0,5000000,5000000,0.6774193548387096,0.0,0.0,Growth,0.0,0.0,0.0,0.0,0.0,0.0,0.0,0.0,0.0,0.0,0.0,0,0,0,0,0.0,0,0,0,0,1,0,2,10,0,12.0
Active,0.0,0.0,0,4500000,4500000,0.8387096774193549,0.0,0.0,Early,0.0,0.0,0.0,0.0,0.0,0.0,0.0,0.0,0.0,0.0,0.0,0,0,0,0,104.0,0,0,1,0,1,1,4,1,2,2.0
Active,0.0,0.0,1,2000000,2000000,0.8709677419354839,0.0,0.0,Early,0.0,0.0,0.0,0.0,0.0,0.0,0.0,0.0,0.0,0.0,0.0,0,0,0,0,168.0,1,0,0,1,1,6,3,8,1,7.0
Active,0.0,0.0,0,1100000,1100000,0.8709677419354839,0.0,0.0,Growth,0.0,0.0,0.0,0.0,0.0,0.0,0.0,0.0,0.0,0.0,0.0,1,0,0,0,932.0,0,0,0,1,1,2,1,4,1,7.0
Active,0.0,0.0,0,4300000,4300000,0.6774193548387096,0.0,0.0,Early,0.0,0.0,0.0,0.0,0.0,0.0,0.0,0.0,0.0,0.0,0.0,1,0,0,0,0.0,0,0,0,0,1,0,2,7,0,4.0
Active,0.0,0.0,0,2100000,2500000,0.6451612903225806,0.0,0.0,Not known,0.0,0.0,0.0,0.0,0.0,0.0,0.0,0.0,0.0,0.0,0.0,1,0,0,0,308.0,0,0,0,0,1,0,2,3,0,6.0
Active,0.0,0.0,0,3000000,3000000,0.7096774193548387,0.0,0.0,Growth,0.0,0.0,0.0,0.0,0.0,0.0,0.0,0.0,0.0,0.0,0.0,0,0,0,0,549.0,0,0,0,0,1,0,4,1,0,8.0
Active,0.0,0.0,1,4000000,4000000,0.6774193548387096,0.0,0.0,Early,0.0,0.0,0.0,0.0,0.0,0.0,0.0,0.0,0.0,0.0,0.0,0,0,0,0,0.0,0,0,0,0,4,0,1,2,0,9.0
Active,0.0,0.0,0,1000000,1000000,0.6774193548387096,0.0,0.0,Early,0.0,0.0,0.0,0.0,0.0,0.0,0.0,0.0,0.0,0.0,0.0,0,1,0,0,918.0,0,0,0,0,1,0,1,11,0,9.0
Active,0.0,0.0,1,2500000,2500000,0.8709677419354839,0.0,0.0,Early,0.0,0.0,0.0,0.0,0.0,0.0,0.0,0.0,0.0,0.0,0.0,0,0,0,0,176.0,1,0,0,1,1,5,2,2,1,4.0
Active,0.0,0.0,0,1600000,1600000,0.6774193548387096,0.0,0.0,Early,0.0,0.0,0.0,0.0,0.0,0.0,0.0,0.0,0.0,0.0,0.0,0,0,0,0,170.0,0,0,0,0,1,0,1,1,0,5.0
Active,0.0,0.0,0,1458000,1458000,0.7096774193548387,0.0,0.0,Growth,0.0,0.0,0.0,0.0,0.0,0.0,0.0,0.0,0.0,0.0,0.0,1,0,0,0,400.0,0,0,1,0,1,0,2,3,0,5.0
Active,0.0,0.0,1,3500000,3500000,0.7096774193548387,0.0,0.0,Early,0.0,0.0,0.0,0.0,0.0,0.0,0.0,0.0,0.0,0.0,0.0,0,1,0,0,416.0,0,0,0,0,1,0,2,15,0,9.0
Active,0.0,0.0,1,3500000,3500000,0.6774193548387096,0.0,0.0,Early,0.0,0.0,0.0,0.0,0.0,0.0,0.0,0.0,0.0,0.0,0.0,0,0,0,0,603.0,0,0,0,1,1,0,1,2,0,6.0
Active,0.0,0.0,0,2600000,3000000,0.8709677419354839,0.0,0.0,Early,0.0,0.0,0.0,0.0,0.0,0.0,0.0,0.0,0.0,0.0,0.0,0,0,0,0,397.0,0,0,0,1,1,3,2,3,1,8.0
Active,0.0,0.0,1,3100000,3100000,0.6129032258064516,0.0,0.0,Early,0.0,0.0,0.0,0.0,0.0,0.0,0.0,0.0,0.0,0.0,0.0,0,1,0,0,37.0,0,0,0,0,1,0,2,3,0,5.0
Active,0.0,0.0,1,3000000,5000000,0.8387096774193549,0.0,0.0,Early,0.0,0.0,0.0,0.0,0.0,0.0,0.0,0.0,0.0,0.0,0.0,0,0,0,0,770.0,1,0,0,1,1,3,1,3,1,6.0
Active,0.0,0.0,1,2000000,2000000,0.6774193548387096,0.0,0.0,Early,0.0,0.0,0.0,0.0,0.0,0.0,0.0,0.0,0.0,0.0,0.0,0,0,0,0,497.0,0,0,0,1,2,0,2,5,5,5.0
Active,0.0,0.0,1,3000000,3000000,0.6451612903225806,0.0,0.0,Early,0.0,0.0,0.0,0.0,0.0,0.0,0.0,0.0,0.0,0.0,0.0,0,0,0,0,0.0,0,0,0,0,1,0,1,5,0,6.0
Active,0.0,0.0,0,500000,1600000,0.6774193548387096,0.0,0.0,Early,0.0,0.0,0.0,0.0,0.0,0.0,0.0,0.0,0.0,0.0,0.0,1,0,0,0,0.0,0,0,0,0,1,0,2,6,0,6.0
Active,0.0,0.0,0,100000,500000,0.6774193548387096,0.0,0.0,Growth,0.0,0.0,0.0,0.0,0.0,0.0,0.0,0.0,0.0,0.0,0.0,0,0,0,0,332.0,0,0,0,1,1,0,2,6,0,7.0
Active,0.0,0.0,1,2000000,2000000,0.7096774193548387,0.0,0.0,Early,0.0,0.0,0.0,0.0,0.0,0.0,0.0,0.0,0.0,0.0,0.0,0,0,0,0,755.0,0,0,1,0,2,0,3,3,0,9.0
Active,0.0,0.0,0,2505000,2505000,0.7419354838709677,0.0,0.0,Early,0.0,0.0,0.0,0.0,0.0,0.0,0.0,0.0,0.0,0.0,0.0,0,0,0,0,0.0,0,0,1,0,1,0,2,2,0,7.0
Active,0.0,0.0,0,2500000,2500000,0.6774193548387096,0.0,0.0,Growth,0.0,0.0,0.0,0.0,0.0,0.0,0.0,0.0,0.0,0.0,0.0,0,1,0,0,0.0,0,0,0,0,1,0,3,4,0,7.0
Active,0.0,0.0,0,2277000,2277000,0.6129032258064516,0.0,0.0,Growth,0.0,0.0,0.0,0.0,0.0,0.0,0.0,0.0,0.0,0.0,0.0,0,0,0,0,0.0,0,0,0,0,1,0,2,4,0,14.0
Active,0.0,0.0,0,2250000,0,0.5483870967741935,0.0,0.0,Early,0.0,0.0,0.0,0.0,0.0,0.0,0.0,0.0,0.0,0.0,0.0,0,0,0,0,0.0,0,0,1,0,1,0,1,2,0,10.0
Active,0.0,0.0,0,2200000,2200000,0.7096774193548387,0.0,0.0,Early,0.0,0.0,0.0,0.0,0.0,0.0,0.0,0.0,0.0,0.0,0.0,0,0,0,0,0.0,0,0,0,0,1,0,2,6,0,6.0
Active,0.0,0.0,1,325000,1000000,0.7096774193548387,0.0,0.0,Early,0.0,0.0,0.0,0.0,0.0,0.0,0.0,0.0,0.0,0.0,0.0,1,0,0,0,104.0,0,0,1,0,1,0,5,5,0,5.0
Active,0.0,0.0,1,2065760,2065760,0.6451612903225806,0.0,0.0,Early,0.0,0.0,0.0,0.0,0.0,0.0,0.0,0.0,0.0,0.0,0.0,0,0,0,0,0.0,0,0,1,0,1,0,2,6,0,5.0
Active,0.0,0.0,0,2000000,2000000,0.6774193548387096,0.0,0.0,Early,0.0,0.0,0.0,0.0,0.0,0.0,0.0,0.0,0.0,0.0,0.0,0,0,0,0,0.0,0,0,0,0,1,0,3,6,0,5.0
Active,0.0,0.0,0,2000000,5000000,0.6774193548387096,0.0,0.0,Growth,0.0,0.0,0.0,0.0,0.0,0.0,0.0,0.0,0.0,0.0,0.0,0,0,0,0,0.0,0,0,0,0,3,0,2,5,0,8.0
Active,0.0,0.0,0,543000,2000000,0.7096774193548387,0.0,0.0,Mature,0.0,0.0,0.0,0.0,0.0,0.0,0.0,0.0,0.0,0.0,0.0,0,0,0,0,0.0,0,0,0,0,1,0,3,4,0,5.0
Active,0.0,0.0,0,2000000,2000000,0.7419354838709677,0.0,0.0,Early,0.0,0.0,0.0,0.0,0.0,0.0,0.0,0.0,0.0,0.0,0.0,0,0,0,0,330.0,0,0,0,1,4,0,2,5,0,6.0
Active,0.0,0.0,0,2000000,2000000,0.7419354838709677,0.0,0.0,Early,0.0,0.0,0.0,0.0,0.0,0.0,0.0,0.0,0.0,0.0,0.0,0,0,0,0,0.0,0,0,0,1,1,0,3,3,1,7.0
Active,0.0,0.0,0,2000000,2000000,0.7096774193548387,0.0,0.0,Early,0.0,0.0,0.0,0.0,0.0,0.0,0.0,0.0,0.0,0.0,0.0,1,0,0,0,0.0,0,0,1,0,1,0,5,5,0,8.0
Active,0.0,0.0,0,1000000,1000000,0.7096774193548387,0.0,0.0,Early,0.0,0.0,0.0,0.0,0.0,0.0,0.0,0.0,0.0,0.0,0.0,0,0,0,0,571.0,0,0,0,1,1,0,1,3,1,7.0
Active,0.0,0.0,0,1700000,1700000,0.6451612903225806,0.0,0.0,Early,0.0,0.0,0.0,0.0,0.0,0.0,0.0,0.0,0.0,0.0,0.0,0,0,0,0,0.0,0,0,0,0,1,0,1,1,0,4.0
Active,0.0,0.0,1,1700000,1700000,0.6129032258064516,0.0,0.0,Early,0.0,0.0,0.0,0.0,0.0,0.0,0.0,0.0,0.0,0.0,0.0,0,0,0,0,0.0,0,0,0,0,1,0,1,4,0,15.0
Active,0.0,0.0,0,1700000,1700000,0.6451612903225806,0.0,0.0,Growth,0.0,0.0,0.0,0.0,0.0,0.0,0.0,0.0,0.0,0.0,0.0,0,0,0,0,0.0,0,0,0,0,1,0,1,19,0,11.0
Active,0.0,0.0,0,1600000,1600000,0.6774193548387096,0.0,0.0,Growth,0.0,0.0,0.0,0.0,0.0,0.0,0.0,0.0,0.0,0.0,0.0,0,0,0,0,0.0,0,0,0,0,1,0,1,2,0,7.0
Active,0.0,0.0,0,1250000,1250000,0.6774193548387096,0.0,0.0,Early,0.0,0.0,0.0,0.0,0.0,0.0,0.0,0.0,0.0,0.0,0.0,0,0,0,0,242.0,0,0,0,0,1,0,2,3,0,5.0
Active,0.0,0.0,1,1500000,1500000,0.7419354838709677,0.0,0.0,Early,0.0,0.0,0.0,0.0,0.0,0.0,0.0,0.0,0.0,0.0,0.0,0,0,0,0,807.0,0,0,0,1,1,0,1,5,1,10.0
Active,1500000.0,0.0,0,10000,1100000,0.9032258064516129,0.0,0.0,Early,0.0,0.0,0.0,0.0,0.0,0.0,0.0,0.0,0.0,0.0,0.0,0,0,0,0,169.0,1,0,1,0,1,2,1,3,1,4.0
Active,0.0,0.0,1,1500000,1500000,0.6451612903225806,0.0,0.0,Early,0.0,0.0,0.0,0.0,0.0,0.0,0.0,0.0,0.0,0.0,0.0,0,0,0,0,0.0,0,0,0,1,1,0,3,2,0,4.0
Active,0.0,0.0,0,1500000,0,0.6451612903225806,0.0,0.0,Early,0.0,0.0,0.0,0.0,0.0,0.0,0.0,0.0,0.0,0.0,0.0,1,0,0,0,0.0,0,0,0,1,1,0,3,5,0,3.0
Active,0.0,0.0,0,1500000,1500000,0.7419354838709677,0.0,0.0,Early,0.0,0.0,0.0,0.0,0.0,0.0,0.0,0.0,0.0,0.0,0.0,1,0,0,0,0.0,0,0,0,1,1,0,2,5,1,5.0
Active,0.0,0.0,0,1200000,1200000,0.7096774193548387,0.0,0.0,Growth,0.0,0.0,0.0,0.0,0.0,0.0,0.0,0.0,0.0,0.0,0.0,0,0,0,0,138.0,0,0,0,0,1,0,2,4,0,6.0
Active,0.0,0.0,1,1200000,1200000,0.6774193548387096,0.0,0.0,Early,0.0,0.0,0.0,0.0,0.0,0.0,0.0,0.0,0.0,0.0,0.0,0,0,0,0,1327.0,0,0,0,0,1,0,5,3,0,8.0
Active,0.0,0.0,0,1380000,1380000,0.6774193548387096,0.0,0.0,Growth,0.0,0.0,0.0,0.0,0.0,0.0,0.0,0.0,0.0,0.0,0.0,0,0,0,0,0.0,0,0,0,0,1,0,1,3,0,5.0
Active,0.0,0.0,1,1300000,1300000,0.6774193548387096,0.0,0.0,Early,0.0,0.0,0.0,0.0,0.0,0.0,0.0,0.0,0.0,0.0,0.0,0,0,0,0,0.0,0,0,0,0,1,0,1,1,0,5.0
Active,0.0,0.0,0,227000,227000,0.6451612903225806,0.0,0.0,Early,0.0,0.0,0.0,0.0,0.0,0.0,0.0,0.0,0.0,0.0,0.0,1,0,0,0,443.0,0,0,0,1,1,0,2,3,0,4.0
Active,0.0,0.0,0,1055496,1055496,0.8064516129032258,0.0,0.0,Early,0.0,0.0,0.0,0.0,0.0,0.0,0.0,0.0,0.0,0.0,0.0,0,0,0,0,379.0,0,0,1,0,1,4,2,9,1,5.0
Active,0.0,0.0,1,500000,750000,0.9032258064516129,0.0,0.0,Early,0.0,0.0,0.0,0.0,0.0,0.0,0.0,0.0,0.0,0.0,0.0,1,0,0,0,676.0,1,0,1,0,1,11,1,1,1,5.0
Active,0.0,0.0,0,1100000,0,0.6451612903225806,0.0,0.0,Early,0.0,0.0,0.0,0.0,0.0,0.0,0.0,0.0,0.0,0.0,0.0,1,0,0,0,54.0,0,0,1,0,1,0,2,3,0,4.0
Active,0.0,0.0,0,1100000,1100000,0.6774193548387096,0.0,0.0,Early,0.0,0.0,0.0,0.0,0.0,0.0,0.0,0.0,0.0,0.0,0.0,0,0,0,0,175.0,0,0,0,0,1,0,3,3,0,5.0
Active,0.0,0.0,1,1200000,1200000,0.6774193548387096,0.0,0.0,Early,0.0,0.0,0.0,0.0,0.0,0.0,0.0,0.0,0.0,0.0,0.0,1,0,0,0,0.0,0,0,0,0,1,0,1,5,0,7.0
Active,0.0,0.0,0,1200000,1200000,0.6774193548387096,0.0,0.0,Early,0.0,0.0,0.0,0.0,0.0,0.0,0.0,0.0,0.0,0.0,0.0,1,0,0,0,0.0,0,0,0,1,1,0,3,5,0,3.0
Active,0.0,0.0,0,1040000,1040000,0.8387096774193549,0.0,0.0,Early,0.0,0.0,0.0,0.0,0.0,0.0,0.0,0.0,0.0,0.0,0.0,0,0,0,0,67.0,1,0,1,0,1,3,2,5,2,6.0
Active,0.0,0.0,0,500000,500000,0.8709677419354839,0.0,0.0,Early,0.0,0.0,0.0,0.0,0.0,0.0,0.0,0.0,0.0,0.0,0.0,0,0,0,0,246.0,1,0,0,1,1,2,1,3,1,5.0
Active,0.0,0.0,0,1100000,1100000,0.7096774193548387,0.0,0.0,Early,0.0,0.0,0.0,0.0,0.0,0.0,0.0,0.0,0.0,0.0,0.0,1,0,0,0,33.0,0,0,0,0,1,2,5,5,0,5.0
Active,0.0,0.0,0,1140000,1140000,0.6451612903225806,0.0,0.0,Early,0.0,0.0,0.0,0.0,0.0,0.0,0.0,0.0,0.0,0.0,0.0,0,0,0,0,0.0,0,0,1,0,1,0,1,3,0,3.0
Dead,0.0,0.0,0,1135000,1135000,0.7096774193548387,0.0,0.0,Early,0.0,0.0,0.0,0.0,0.0,0.0,0.0,0.0,0.0,0.0,0.0,1,0,0,0,0.0,0,0,0,1,1,0,5,5,0,4.0
Active,0.0,0.0,0,1100000,1100000,0.7096774193548387,0.0,0.0,Early,0.0,0.0,0.0,0.0,0.0,0.0,0.0,0.0,0.0,0.0,0.0,1,0,0,0,0.0,0,0,0,0,1,0,1,4,0,5.0
Active,0.0,0.0,0,1100000,1100000,0.6774193548387096,0.0,0.0,Growth,0.0,0.0,0.0,0.0,0.0,0.0,0.0,0.0,0.0,0.0,0.0,0,0,0,0,564.0,0,0,0,0,2,0,3,3,0,6.0
Active,0.0,0.0,0,5000000,5000000,0.6774193548387096,0.0,0.0,Growth,0.0,0.0,0.0,0.0,0.0,0.0,0.0,0.0,0.0,0.0,0.0,1,0,0,0,628.0,0,0,0,0,1,0,2,5,0,9.0
Active,0.0,0.0,0,550000,550000,0.8709677419354839,0.0,0.0,Early,0.0,0.0,0.0,0.0,0.0,0.0,0.0,0.0,0.0,0.0,0.0,0,0,0,0,230.0,1,0,1,0,3,3,2,4,1,9.0
Active,0.0,0.0,1,1120000,175000,0.8387096774193549,0.0,0.0,Growth,0.0,0.0,0.0,0.0,0.0,0.0,0.0,0.0,0.0,0.0,0.0,0,0,0,0,206.0,0,0,0,1,1,3,2,3,1,11.0
Active,0.0,0.0,1,950000,950000,0.6774193548387096,0.0,0.0,Early,0.0,0.0,0.0,0.0,0.0,0.0,0.0,0.0,0.0,0.0,0.0,0,0,0,0,0.0,0,0,0,0,1,0,1,3,0,6.0
Active,0.0,0.0,1,1000000,1000000,0.6774193548387096,0.0,0.0,Early,0.0,0.0,0.0,0.0,0.0,0.0,0.0,0.0,0.0,0.0,0.0,0,0,0,0,1273.0,0,0,0,1,3,0,1,2,1,11.0
Active,0.0,0.0,1,1000000,1000000,0.7419354838709677,0.0,0.0,Early,0.0,0.0,0.0,0.0,0.0,0.0,0.0,0.0,0.0,0.0,0.0,0,0,0,0,506.0,0,0,1,0,1,0,2,6,1,6.0
Active,0.0,0.0,0,1000000,0,0.6451612903225806,0.0,0.0,Early,0.0,0.0,0.0,0.0,0.0,0.0,0.0,0.0,0.0,0.0,0.0,0,0,0,0,0.0,0,0,0,0,1,0,1,4,0,7.0
Active,0.0,0.0,0,569000,3500000,0.6774193548387096,0.0,0.0,Growth,0.0,0.0,0.0,0.0,0.0,0.0,0.0,0.0,0.0,0.0,0.0,0,0,0,0,210.0,0,0,0,0,1,0,2,3,0,6.0
Active,0.0,0.0,0,1000000,1000000,0.6774193548387096,0.0,0.0,Early,0.0,0.0,0.0,0.0,0.0,0.0,0.0,0.0,0.0,0.0,0.0,0,0,0,0,0.0,0,0,0,0,1,0,2,4,0,6.0
Active,0.0,0.0,0,1000000,1000000,0.7096774193548387,0.0,0.0,Early,0.0,0.0,0.0,0.0,0.0,0.0,0.0,0.0,0.0,0.0,0.0,0,0,0,0,0.0,0,0,0,1,1,0,2,3,0,5.0
Active,0.0,0.0,0,1000000,1000000,0.6129032258064516,0.0,0.0,Early,0.0,0.0,0.0,0.0,0.0,0.0,0.0,0.0,0.0,0.0,0.0,0,0,0,0,0.0,0,0,0,0,1,0,1,4,0,6.0
Active,0.0,0.0,0,512000,1023000,0.6774193548387096,0.0,0.0,Growth,0.0,0.0,0.0,0.0,0.0,0.0,0.0,0.0,0.0,0.0,0.0,0,0,0,0,0.0,0,0,0,0,1,0,1,3,0,6.0
Active,0.0,0.0,0,445000,445000,0.8064516129032258,0.0,0.0,Early,0.0,0.0,0.0,0.0,0.0,0.0,0.0,0.0,0.0,0.0,0.0,0,0,0,0,262.0,1,1,0,1,1,0,1,5,0,4.0
Active,0.0,0.0,0,980000,980000,0.6774193548387096,0.0,0.0,Early,0.0,0.0,0.0,0.0,0.0,0.0,0.0,0.0,0.0,0.0,0.0,0,0,0,0,0.0,0,0,0,0,1,0,1,2,0,7.0
Active,0.0,0.0,0,350000,350000,0.7419354838709677,0.0,0.0,Early,0.0,0.0,0.0,0.0,0.0,0.0,0.0,0.0,0.0,0.0,0.0,0,0,0,0,390.0,0,0,0,1,1,0,2,3,1,6.0
Active,0.0,0.0,0,830000,830000,0.6774193548387096,0.0,0.0,Early,0.0,0.0,0.0,0.0,0.0,0.0,0.0,0.0,0.0,0.0,0.0,0,1,0,0,0.0,0,0,0,0,1,0,2,1,0,4.0
Active,0.0,0.0,0,800000,800000,0.7419354838709677,0.0,0.0,Early,0.0,0.0,0.0,0.0,0.0,0.0,0.0,0.0,0.0,0.0,0.0,0,0,0,0,0.0,0,0,0,1,1,0,3,1,1,4.0
Active,0.0,0.0,0,800000,800000,0.6774193548387096,0.0,0.0,Early,0.0,0.0,0.0,0.0,0.0,0.0,0.0,0.0,0.0,0.0,0.0,0,1,0,0,0.0,0,0,0,0,1,0,1,1,0,3.0
Active,0.0,0.0,1,750000,750000,0.6451612903225806,0.0,0.0,Early,0.0,0.0,0.0,0.0,0.0,0.0,0.0,0.0,0.0,0.0,0.0,0,0,0,0,656.0,0,0,0,0,1,0,4,3,0,8.0
Active,0.0,0.0,0,750000,750000,0.7419354838709677,0.0,0.0,Early,0.0,0.0,0.0,0.0,0.0,0.0,0.0,0.0,0.0,0.0,0.0,0,0,0,0,350.0,0,0,0,1,1,0,1,3,0,7.0
Active,0.0,0.0,0,5000000,10000000,0.8387096774193549,0.0,0.0,Growth,0.0,0.0,0.0,0.0,0.0,0.0,0.0,0.0,0.0,0.0,0.0,1,0,0,0,603.0,1,0,0,1,1,0,2,2,1,9.0
Active,0.0,0.0,0,720000,720000,0.7741935483870968,0.0,0.0,Early,0.0,0.0,0.0,0.0,0.0,0.0,0.0,0.0,0.0,0.0,0.0,0,1,0,0,0.0,0,0,0,1,3,3,1,1,0,6.0
Active,0.0,0.0,0,720000,720000,0.7419354838709677,0.0,0.0,Early,0.0,0.0,0.0,0.0,0.0,0.0,0.0,0.0,0.0,0.0,0.0,0,0,0,0,0.0,0,0,0,1,1,0,1,1,0,5.0
Active,0.0,0.0,0,707000,0,0.5806451612903226,0.0,0.0,Early,0.0,0.0,0.0,0.0,0.0,0.0,0.0,0.0,0.0,0.0,0.0,0,0,0,0,0.0,0,0,0,0,1,0,1,1,0,2.0
Active,0.0,0.0,0,700000,700000,0.6451612903225806,0.0,0.0,Early,0.0,0.0,0.0,0.0,0.0,0.0,0.0,0.0,0.0,0.0,0.0,0,0,0,0,0.0,0,0,0,0,1,0,1,1,0,4.0
Active,0.0,0.0,0,700000,700000,0.6774193548387096,0.0,0.0,Early,0.0,0.0,0.0,0.0,0.0,0.0,0.0,0.0,0.0,0.0,0.0,0,0,0,0,0.0,0,0,0,0,1,0,2,4,0,3.0
Active,0.0,0.0,0,200000,200000,0.6774193548387096,0.0,0.0,Early,0.0,0.0,0.0,0.0,0.0,0.0,0.0,0.0,0.0,0.0,0.0,0,0,0,0,457.0,0,0,0,0,1,0,1,3,0,6.0
Active,0.0,0.0,0,470000,0,0.5806451612903226,0.0,0.0,Early,0.0,0.0,0.0,0.0,0.0,0.0,0.0,0.0,0.0,0.0,0.0,0,0,0,0,0.0,0,0,0,0,1,0,2,3,0,3.0
Active,0.0,0.0,0,685000,0,0.5806451612903226,0.0,0.0,Early,0.0,0.0,0.0,0.0,0.0,0.0,0.0,0.0,0.0,0.0,0.0,1,0,0,0,0.0,0,0,0,0,1,0,2,2,0,6.0
Active,0.0,0.0,0,120000,430000,0.6774193548387096,0.0,0.0,Early,0.0,0.0,0.0,0.0,0.0,0.0,0.0,0.0,0.0,0.0,0.0,0,0,0,0,140.0,0,0,0,0,1,0,3,3,0,7.0
Active,0.0,0.0,0,660000,660000,0.6451612903225806,0.0,0.0,Early,0.0,0.0,0.0,0.0,0.0,0.0,0.0,0.0,0.0,0.0,0.0,0,0,0,0,0.0,0,0,0,0,1,0,3,2,0,5.0
Active,0.0,0.0,0,640000,640000,0.7096774193548387,0.0,0.0,Growth,0.0,0.0,0.0,0.0,0.0,0.0,0.0,0.0,0.0,0.0,0.0,0,0,0,0,538.0,0,0,1,0,1,0,2,3,1,5.0
Active,0.0,0.0,0,627000,627000,0.7419354838709677,0.0,0.0,Early,0.0,0.0,0.0,0.0,0.0,0.0,0.0,0.0,0.0,0.0,0.0,1,0,0,0,38.0,0,0,0,0,1,0,1,3,1,5.0
Active,0.0,0.0,0,150000,150000,0.7419354838709677,0.0,0.0,Early,0.0,0.0,0.0,0.0,0.0,0.0,0.0,0.0,0.0,0.0,0.0,0,0,0,0,168.0,0,0,0,1,1,0,2,3,1,5.0
Active,0.0,0.0,1,600000,600000,0.6129032258064516,0.0,0.0,Early,0.0,0.0,0.0,0.0,0.0,0.0,0.0,0.0,0.0,0.0,0.0,0,0,0,0,0.0,0,0,0,0,1,0,3,4,0,5.0
Active,0.0,0.0,0,600000,600000,0.6774193548387096,0.0,0.0,Early,0.0,0.0,0.0,0.0,0.0,0.0,0.0,0.0,0.0,0.0,0.0,0,0,0,0,0.0,0,0,0,1,1,0,2,3,1,3.0
Active,0.0,0.0,0,600000,600000,0.6774193548387096,0.0,0.0,Early,0.0,0.0,0.0,0.0,0.0,0.0,0.0,0.0,0.0,0.0,0.0,0,0,0,0,0.0,0,0,0,1,1,0,2,2,0,6.0
Active,0.0,0.0,0,300000,300000,0.5806451612903226,0.0,0.0,Growth,0.0,0.0,0.0,0.0,0.0,0.0,0.0,0.0,0.0,0.0,0.0,0,0,0,0,114.0,0,0,0,0,1,0,1,3,0,8.0
Active,0.0,0.0,0,465000,465000,0.6774193548387096,0.0,0.0,Growth,0.0,0.0,0.0,0.0,0.0,0.0,0.0,0.0,0.0,0.0,0.0,0,0,0,0,182.0,0,0,0,0,1,0,2,3,0,5.0
Active,0.0,0.0,0,500000,500000,0.8064516129032258,0.0,0.0,Early,0.0,0.0,0.0,0.0,0.0,0.0,0.0,0.0,0.0,0.0,0.0,0,0,0,0,358.0,1,1,0,1,1,2,4,4,0,7.0
Active,0.0,0.0,0,570000,570000,0.6451612903225806,0.0,0.0,Early,0.0,0.0,0.0,0.0,0.0,0.0,0.0,0.0,0.0,0.0,0.0,1,0,0,0,0.0,0,0,0,0,1,0,2,4,0,5.0
Active,0.0,0.0,0,230000,230000,0.8709677419354839,0.0,0.0,Early,0.0,0.0,0.0,0.0,0.0,0.0,0.0,0.0,0.0,0.0,0.0,0,0,0,0,101.0,1,1,0,1,1,1,2,3,1,3.0
Active,0.0,0.0,0,150000,150000,0.6774193548387096,0.0,0.0,Early,0.0,0.0,0.0,0.0,0.0,0.0,0.0,0.0,0.0,0.0,0.0,1,0,0,0,93.0,0,0,0,0,1,0,1,3,0,4.0
Active,0.0,0.0,0,500000,500000,0.5483870967741935,0.0,0.0,Early,0.0,0.0,0.0,0.0,0.0,0.0,0.0,0.0,0.0,0.0,0.0,0,0,0,0,527.0,0,0,0,0,1,0,2,3,0,7.0
Active,500000.0,0.0,0,500000,500000,0.8709677419354839,0.0,0.0,Not known,0.0,0.0,0.0,0.0,0.0,0.0,0.0,0.0,0.0,0.0,0.0,0,0,0,0,0.0,0,1,0,1,1,1,1,1,1,3.0
Active,0.0,0.0,1,112000,500000,0.8387096774193549,0.0,0.0,Early,0.0,0.0,0.0,0.0,0.0,0.0,0.0,0.0,0.0,0.0,0.0,0,0,0,0,286.0,1,1,1,0,6,4,3,5,0,5.0
Active,0.0,0.0,0,499000,499000,0.6774193548387096,0.0,0.0,Early,0.0,0.0,0.0,0.0,0.0,0.0,0.0,0.0,0.0,0.0,0.0,0,0,0,0,0.0,0,0,0,0,1,0,1,5,0,6.0
Active,0.0,0.0,0,40000,0,0.6129032258064516,0.0,0.0,Early,0.0,0.0,0.0,0.0,0.0,0.0,0.0,0.0,0.0,0.0,0.0,0,1,0,0,2.0,0,0,0,0,1,0,3,1,0,4.0
Active,0.0,0.0,0,290000,290000,0.6774193548387096,0.0,0.0,Early,0.0,0.0,0.0,0.0,0.0,0.0,0.0,0.0,0.0,0.0,0.0,0,0,0,0,398.0,0,0,0,0,1,0,1,4,0,13.0
Active,0.0,0.0,0,450000,450000,0.6451612903225806,0.0,0.0,Early,0.0,0.0,0.0,0.0,0.0,0.0,0.0,0.0,0.0,0.0,0.0,0,0,0,0,0.0,0,0,0,0,1,0,1,2,0,3.0
Active,0.0,0.0,0,500000,500000,0.7096774193548387,0.0,0.0,Early,0.0,0.0,0.0,0.0,0.0,0.0,0.0,0.0,0.0,0.0,0.0,1,0,0,0,0.0,0,0,0,0,1,0,1,7,0,4.0
Active,0.0,0.0,0,125000,125000,0.7419354838709677,0.0,0.0,Early,0.0,0.0,0.0,0.0,0.0,0.0,0.0,0.0,0.0,0.0,0.0,0,0,0,0,480.0,0,0,0,1,1,0,3,2,1,7.0
Active,0.0,0.0,0,120000,300000,0.7096774193548387,0.0,0.0,Early,0.0,0.0,0.0,0.0,0.0,0.0,0.0,0.0,0.0,0.0,0.0,0,0,0,0,241.0,0,0,0,1,1,0,1,2,0,5.0
Active,0.0,0.0,0,250000,250000,0.6774193548387096,0.0,0.0,Early,0.0,0.0,0.0,0.0,0.0,0.0,0.0,0.0,0.0,0.0,0.0,0,0,0,0,182.0,0,0,0,1,1,0,4,3,1,5.0
Active,0.0,0.0,0,150000,250000,0.7419354838709677,0.0,0.0,Early,0.0,0.0,0.0,0.0,0.0,0.0,0.0,0.0,0.0,0.0,0.0,1,0,0,0,475.0,0,0,0,1,1,0,1,4,1,5.0
Active,0.0,0.0,0,200000,200000,0.7419354838709677,0.0,0.0,Early,0.0,0.0,0.0,0.0,0.0,0.0,0.0,0.0,0.0,0.0,0.0,0,0,0,0,635.0,0,0,0,1,1,0,2,2,1,9.0
Active,0.0,0.0,0,399000,399000,0.6774193548387096,0.0,0.0,Early,0.0,0.0,0.0,0.0,0.0,0.0,0.0,0.0,0.0,0.0,0.0,0,0,0,0,0.0,0,0,0,0,1,0,3,6,0,5.0
Active,0.0,0.0,0,400000,400000,0.7741935483870968,0.0,0.0,Early,0.0,0.0,0.0,0.0,0.0,0.0,0.0,0.0,0.0,0.0,0.0,0,0,0,0,0.0,0,0,0,1,1,0,2,2,1,4.0
Active,0.0,0.0,0,381000,381000,0.6774193548387096,0.0,0.0,Early,0.0,0.0,0.0,0.0,0.0,0.0,0.0,0.0,0.0,0.0,0.0,1,0,0,0,0.0,0,0,0,0,1,0,3,3,0,4.0
Active,0.0,0.0,0,200000,240000,0.7096774193548387,0.0,0.0,Mature,0.0,0.0,0.0,0.0,0.0,0.0,0.0,0.0,0.0,0.0,0.0,0,0,0,0,886.0,0,0,0,0,1,0,1,3,0,8.0
Active,0.0,0.0,0,176000,176000,0.6774193548387096,0.0,0.0,Early,0.0,0.0,0.0,0.0,0.0,0.0,0.0,0.0,0.0,0.0,0.0,0,0,0,0,1.0,0,0,0,0,1,0,3,7,0,6.0
Active,0.0,0.0,0,150000,180000,0.7096774193548387,0.0,0.0,Early,0.0,0.0,0.0,0.0,0.0,0.0,0.0,0.0,0.0,0.0,0.0,0,0,0,0,447.0,0,0,0,0,1,0,2,3,1,5.0
Active,0.0,0.0,0,75000,250000,0.7096774193548387,0.0,0.0,Early,0.0,0.0,0.0,0.0,0.0,0.0,0.0,0.0,0.0,0.0,0.0,0,0,0,0,250.0,0,0,0,1,1,0,2,4,0,4.0
Active,0.0,0.0,0,320000,320000,0.7096774193548387,0.0,0.0,Early,0.0,0.0,0.0,0.0,0.0,0.0,0.0,0.0,0.0,0.0,0.0,0,0,0,0,0.0,0,0,0,1,5,0,2,1,4,7.0
Active,0.0,0.0,0,300000,300000,0.6774193548387096,0.0,0.0,Early,0.0,0.0,0.0,0.0,0.0,0.0,0.0,0.0,0.0,0.0,0.0,0,0,0,0,93.0,0,0,0,0,1,0,3,4,0,5.0
Active,0.0,0.0,0,300000,300000,0.6774193548387096,0.0,0.0,Early,0.0,0.0,0.0,0.0,0.0,0.0,0.0,0.0,0.0,0.0,0.0,0,1,0,0,0.0,0,0,0,0,1,0,1,2,0,8.0
Active,0.0,0.0,1,150000,200000,0.7419354838709677,0.0,0.0,Early,0.0,0.0,0.0,0.0,0.0,0.0,0.0,0.0,0.0,0.0,0.0,0,0,0,0,341.0,0,0,0,1,1,0,1,4,1,6.0
Active,0.0,0.0,0,300000,300000,0.6451612903225806,0.0,0.0,Early,0.0,0.0,0.0,0.0,0.0,0.0,0.0,0.0,0.0,0.0,0.0,0,1,0,0,0.0,0,0,0,0,1,0,1,3,0,3.0
Active,0.0,0.0,1,300000,300000,0.6774193548387096,0.0,0.0,Early,0.0,0.0,0.0,0.0,0.0,0.0,0.0,0.0,0.0,0.0,0.0,0,1,0,0,0.0,0,0,0,0,1,0,1,3,0,15.0
Active,0.0,0.0,0,300000,300000,0.6774193548387096,0.0,0.0,Early,0.0,0.0,0.0,0.0,0.0,0.0,0.0,0.0,0.0,0.0,0.0,0,0,0,0,0.0,0,0,0,0,1,0,1,2,0,6.0
Active,0.0,0.0,0,35000,35000,0.6774193548387096,0.0,0.0,Early,0.0,0.0,0.0,0.0,0.0,0.0,0.0,0.0,0.0,0.0,0.0,1,0,0,0,501.0,0,0,0,0,1,0,2,1,0,3.0
Active,0.0,0.0,0,284000,284000,0.6129032258064516,0.0,0.0,Early,0.0,0.0,0.0,0.0,0.0,0.0,0.0,0.0,0.0,0.0,0.0,1,0,0,0,0.0,0,0,0,0,6,0,1,1,0,4.0
Active,0.0,0.0,0,150000,150000,0.7419354838709677,0.0,0.0,Early,0.0,0.0,0.0,0.0,0.0,0.0,0.0,0.0,0.0,0.0,0.0,0,0,0,0,346.0,0,0,1,0,1,0,4,2,1,5.0
Active,250000.0,0.0,0,250000,250000,0.8387096774193549,0.0,0.0,Early,0.0,0.0,0.0,0.0,0.0,0.0,0.0,0.0,0.0,0.0,0.0,0,0,0,0,0.0,0,0,1,0,2,1,2,2,1,4.0
Active,0.0,0.0,0,250000,250000,0.6774193548387096,0.0,0.0,Early,0.0,0.0,0.0,0.0,0.0,0.0,0.0,0.0,0.0,0.0,0.0,0,0,0,0,0.0,0,0,0,0,1,0,2,4,0,4.0
Active,0.0,0.0,0,250000,250000,0.7096774193548387,0.0,0.0,Early,0.0,0.0,0.0,0.0,0.0,0.0,0.0,0.0,0.0,0.0,0.0,0,0,0,0,87.0,0,0,0,0,1,0,4,7,0,4.0
Active,0.0,0.0,0,350000,350000,0.7096774193548387,0.0,0.0,Early,0.0,0.0,0.0,0.0,0.0,0.0,0.0,0.0,0.0,0.0,0.0,0,0,0,0,0.0,0,0,0,0,1,0,2,3,0,5.0
Acquired,0.0,0.0,0,1100000,1100000,0.8064516129032258,0.0,0.0,Early,0.0,0.0,0.0,0.0,0.0,0.0,0.0,0.0,0.0,0.0,0.0,1,0,0,0,0.0,0,1,0,1,1,0,2,8,1,9.0
Active,0.0,0.0,0,250000,250000,0.6451612903225806,0.0,0.0,Early,0.0,0.0,0.0,0.0,0.0,0.0,0.0,0.0,0.0,0.0,0.0,0,1,0,0,0.0,0,0,0,0,1,0,1,5,0,3.0
Active,0.0,0.0,0,250000,250000,0.6451612903225806,0.0,0.0,Early,0.0,0.0,0.0,0.0,0.0,0.0,0.0,0.0,0.0,0.0,0.0,0,0,0,0,0.0,0,0,0,0,1,0,1,2,0,6.0
Active,0.0,0.0,0,200000,200000,0.7096774193548387,0.0,0.0,Early,0.0,0.0,0.0,0.0,0.0,0.0,0.0,0.0,0.0,0.0,0.0,0,0,0,0,0.0,0,0,0,0,1,0,1,5,0,7.0
Active,0.0,0.0,0,50000,50000,0.7419354838709677,0.0,0.0,Not known,0.0,0.0,0.0,0.0,0.0,0.0,0.0,0.0,0.0,0.0,0.0,1,0,0,0,48.0,0,0,0,1,1,0,1,4,1,4.0
Active,0.0,0.0,0,200000,200000,0.6774193548387096,0.0,0.0,Early,0.0,0.0,0.0,0.0,0.0,0.0,0.0,0.0,0.0,0.0,0.0,0,0,0,0,0.0,0,0,0,0,1,0,2,3,0,4.0
Active,0.0,0.0,0,200000,200000,0.6451612903225806,0.0,0.0,Early,0.0,0.0,0.0,0.0,0.0,0.0,0.0,0.0,0.0,0.0,0.0,0,0,0,0,0.0,0,0,0,0,1,0,1,4,0,3.0
Active,0.0,0.0,1,200000,200000,0.6451612903225806,0.0,0.0,Growth,0.0,0.0,0.0,0.0,0.0,0.0,0.0,0.0,0.0,0.0,0.0,0,0,0,0,0.0,0,0,0,0,1,0,1,1,0,3.0
Active,0.0,0.0,0,200000,200000,0.6774193548387096,0.0,0.0,Early,0.0,0.0,0.0,0.0,0.0,0.0,0.0,0.0,0.0,0.0,0.0,0,0,0,0,0.0,0,0,0,0,1,0,1,2,0,6.0
Active,0.0,0.0,0,200000,200000,0.6451612903225806,0.0,0.0,Early,0.0,0.0,0.0,0.0,0.0,0.0,0.0,0.0,0.0,0.0,0.0,1,0,0,0,379.0,0,0,0,0,1,0,2,3,0,5.0
Active,0.0,0.0,0,200000,200000,0.7419354838709677,0.0,0.0,Not known,0.0,0.0,0.0,0.0,0.0,0.0,0.0,0.0,0.0,0.0,0.0,0,0,0,0,0.0,0,0,0,1,3,0,1,6,2,9.0
Active,0.0,0.0,0,40000,150000,0.8064516129032258,0.0,0.0,Early,0.0,0.0,0.0,0.0,0.0,0.0,0.0,0.0,0.0,0.0,0.0,1,0,0,0,0.0,0,0,1,0,1,2,2,3,0,3.0
Active,0.0,0.0,0,120000,120000,0.7096774193548387,0.0,0.0,Early,0.0,0.0,0.0,0.0,0.0,0.0,0.0,0.0,0.0,0.0,0.0,1,0,0,0,93.0,0,0,0,0,1,3,2,3,0,4.0
Active,0.0,0.0,0,180000,180000,0.6774193548387096,0.0,0.0,Early,0.0,0.0,0.0,0.0,0.0,0.0,0.0,0.0,0.0,0.0,0.0,0,1,0,0,0.0,0,0,0,0,1,0,1,1,0,5.0
Active,0.0,0.0,0,137000,137000,0.6774193548387096,0.0,0.0,Growth,0.0,0.0,0.0,0.0,0.0,0.0,0.0,0.0,0.0,0.0,0.0,0,0,0,0,725.0,0,0,0,0,1,0,2,3,0,5.0
Dead,0.0,0.0,0,175000,175000,0.6774193548387096,0.0,0.0,Early,0.0,0.0,0.0,0.0,0.0,0.0,0.0,0.0,0.0,0.0,0.0,0,0,0,0,0.0,0,0,0,0,1,0,1,3,0,6.0
Active,0.0,0.0,0,150000,150000,0.6774193548387096,0.0,0.0,Not known,0.0,0.0,0.0,0.0,0.0,0.0,0.0,0.0,0.0,0.0,0.0,1,0,0,0,391.0,0,0,0,1,1,0,2,2,1,7.0
Active,0.0,0.0,0,167000,167000,0.5483870967741935,0.0,0.0,Early,0.0,0.0,0.0,0.0,0.0,0.0,0.0,0.0,0.0,0.0,0.0,0,0,0,0,0.0,0,0,0,0,1,0,0,4,0,8.0
Active,0.0,0.0,0,150000,150000,0.7096774193548387,0.0,0.0,Early,0.0,0.0,0.0,0.0,0.0,0.0,0.0,0.0,0.0,0.0,0.0,1,0,0,0,93.0,0,0,0,0,1,3,2,3,0,4.0
Active,0.0,0.0,1,175000,175000,0.7419354838709677,0.0,0.0,Growth,0.0,0.0,0.0,0.0,0.0,0.0,0.0,0.0,0.0,0.0,0.0,1,0,0,0,0.0,0,0,0,1,1,0,1,9,1,5.0
Active,0.0,0.0,0,150000,150000,0.8064516129032258,0.0,0.0,Early,0.0,0.0,0.0,0.0,0.0,0.0,0.0,0.0,0.0,0.0,0.0,1,0,0,0,214.0,0,0,0,1,1,2,2,6,0,5.0
Active,0.0,0.0,0,50000,112500,0.7419354838709677,0.0,0.0,Growth,0.0,0.0,0.0,0.0,0.0,0.0,0.0,0.0,0.0,0.0,0.0,0,0,0,0,91.0,0,0,0,1,1,0,2,17,1,8.0
Active,0.0,0.0,0,160000,160000,0.5806451612903226,0.0,0.0,Early,0.0,0.0,0.0,0.0,0.0,0.0,0.0,0.0,0.0,0.0,0.0,0,1,0,0,0.0,0,0,0,1,1,0,1,1,0,4.0
Active,0.0,0.0,0,150000,150000,0.7419354838709677,0.0,0.0,Early,0.0,0.0,0.0,0.0,0.0,0.0,0.0,0.0,0.0,0.0,0.0,0,1,0,0,0.0,0,0,0,1,1,0,2,1,1,4.0
Active,0.0,0.0,0,150000,0,0.6129032258064516,0.0,0.0,Early,0.0,0.0,0.0,0.0,0.0,0.0,0.0,0.0,0.0,0.0,0.0,0,0,0,0,0.0,0,0,0,0,1,0,1,1,0,4.0
Active,0.0,0.0,0,150000,150000,0.7096774193548387,0.0,0.0,Early,0.0,0.0,0.0,0.0,0.0,0.0,0.0,0.0,0.0,0.0,0.0,0,0,0,0,0.0,0,0,0,1,1,0,4,3,1,4.0
Active,0.0,0.0,0,150000,150000,0.6451612903225806,0.0,0.0,Early,0.0,0.0,0.0,0.0,0.0,0.0,0.0,0.0,0.0,0.0,0.0,0,0,0,0,0.0,0,0,0,0,1,0,2,4,0,4.0
Active,0.0,0.0,0,100000,100000,0.7419354838709677,0.0,0.0,Early,0.0,0.0,0.0,0.0,0.0,0.0,0.0,0.0,0.0,0.0,0.0,0,0,0,0,328.0,0,0,0,1,1,0,1,3,0,5.0
Active,0.0,0.0,0,128000,128000,0.8709677419354839,0.0,0.0,Early,0.0,0.0,0.0,0.0,0.0,0.0,0.0,0.0,0.0,0.0,0.0,1,0,0,0,0.0,0,0,0,1,1,1,2,3,1,3.0
Active,0.0,0.0,0,120000,120000,0.6774193548387096,0.0,0.0,Early,0.0,0.0,0.0,0.0,0.0,0.0,0.0,0.0,0.0,0.0,0.0,0,0,0,0,287.0,0,0,0,0,1,0,2,3,0,5.0
Active,0.0,0.0,0,120000,0,0.6129032258064516,0.0,0.0,Early,0.0,0.0,0.0,0.0,0.0,0.0,0.0,0.0,0.0,0.0,0.0,1,0,0,0,0.0,0,0,0,0,1,0,1,1,0,4.0
Active,0.0,0.0,0,120000,120000,0.6451612903225806,0.0,0.0,Early,0.0,0.0,0.0,0.0,0.0,0.0,0.0,0.0,0.0,0.0,0.0,0,0,0,0,0.0,0,0,0,0,1,0,3,3,0,4.0
Active,0.0,0.0,0,120000,120000,0.7096774193548387,0.0,0.0,Early,0.0,0.0,0.0,0.0,0.0,0.0,0.0,0.0,0.0,0.0,0.0,0,0,0,0,0.0,0,0,0,0,2,0,3,2,0,6.0
Active,0.0,0.0,0,120000,120000,0.6774193548387096,0.0,0.0,Early,0.0,0.0,0.0,0.0,0.0,0.0,0.0,0.0,0.0,0.0,0.0,0,0,0,0,0.0,0,0,0,0,1,0,1,3,0,4.0
Active,0.0,0.0,0,1000000,10000000,0.6774193548387096,0.0,0.0,Early,0.0,0.0,0.0,0.0,0.0,0.0,0.0,0.0,0.0,0.0,0.0,0,0,0,0,0.0,0,0,0,0,1,0,2,6,0,7.0
Active,0.0,0.0,0,80000,80000,0.6774193548387096,0.0,0.0,Early,0.0,0.0,0.0,0.0,0.0,0.0,0.0,0.0,0.0,0.0,0.0,1,0,0,0,349.0,0,0,0,1,1,0,2,2,1,10.0
Active,0.0,0.0,0,100000,100000,0.8709677419354839,0.0,0.0,Early,0.0,0.0,0.0,0.0,0.0,0.0,0.0,0.0,0.0,0.0,0.0,0,0,0,0,0.0,1,0,1,0,1,1,2,3,1,5.0
Active,100000.0,0.0,0,100000,100000,0.8387096774193549,0.0,0.0,Not known,0.0,0.0,0.0,0.0,0.0,0.0,0.0,0.0,0.0,0.0,0.0,0,0,0,0,0.0,0,0,0,1,1,1,1,1,1,6.0
Active,0.0,0.0,0,80000,80000,0.8387096774193549,0.0,0.0,Not known,0.0,0.0,0.0,0.0,0.0,0.0,0.0,0.0,0.0,0.0,0.0,0,0,0,0,406.0,0,0,1,0,1,0,5,3,1,8.0
Active,0.0,0.0,0,100000,100000,0.7419354838709677,0.0,0.0,Early,0.0,0.0,0.0,0.0,0.0,0.0,0.0,0.0,0.0,0.0,0.0,0,1,0,0,0.0,0,0,0,1,1,0,1,3,1,6.0
Active,0.0,0.0,0,100000,100000,0.6129032258064516,0.0,0.0,Early,0.0,0.0,0.0,0.0,0.0,0.0,0.0,0.0,0.0,0.0,0.0,1,0,0,0,0.0,0,0,0,0,1,0,4,4,0,3.0
Active,0.0,0.0,0,100000,100000,0.6774193548387096,0.0,0.0,Early,0.0,0.0,0.0,0.0,0.0,0.0,0.0,0.0,0.0,0.0,0.0,0,1,0,0,0.0,0,0,0,0,1,0,3,3,0,3.0
Active,0.0,0.0,0,100000,100000,0.6774193548387096,0.0,0.0,Early,0.0,0.0,0.0,0.0,0.0,0.0,0.0,0.0,0.0,0.0,0.0,1,0,0,0,0.0,0,0,0,0,1,0,2,4,0,3.0
Active,0.0,0.0,0,90000,90000,0.8709677419354839,0.0,0.0,Early,0.0,0.0,0.0,0.0,0.0,0.0,0.0,0.0,0.0,0.0,0.0,0,0,0,0,0.0,1,0,0,1,1,1,1,2,1,8.0
Active,0.0,0.0,0,50000,50000,0.7741935483870968,0.0,0.0,Early,0.0,0.0,0.0,0.0,0.0,0.0,0.0,0.0,0.0,0.0,0.0,0,0,0,0,0.0,0,0,0,1,1,0,2,10,1,5.0
Active,0.0,0.0,0,50000,50000,0.7096774193548387,0.0,0.0,Early,0.0,0.0,0.0,0.0,0.0,0.0,0.0,0.0,0.0,0.0,0.0,0,0,0,0,83.0,0,0,0,0,1,0,2,4,0,4.0
Active,0.0,0.0,0,100000,100000,0.6774193548387096,0.0,0.0,Early,0.0,0.0,0.0,0.0,0.0,0.0,0.0,0.0,0.0,0.0,0.0,0,0,0,0,0.0,0,0,0,1,1,0,2,3,0,4.0
Active,100000.0,1.0,0,100000,100000,0.9354838709677419,0.0,0.0,Not known,0.0,0.0,0.0,0.0,0.0,0.0,0.0,0.0,0.0,0.0,0.0,0,0,0,0,0.0,1,1,1,0,1,1,2,1,1,5.0
Active,0.0,0.0,0,100000,0,0.6129032258064516,0.0,0.0,Early,0.0,0.0,0.0,0.0,0.0,0.0,0.0,0.0,0.0,0.0,0.0,0,0,0,0,0.0,0,0,0,0,1,0,1,2,0,11.0
Active,0.0,0.0,0,100000,100000,0.7096774193548387,0.0,0.0,Early,0.0,0.0,0.0,0.0,0.0,0.0,0.0,0.0,0.0,0.0,0.0,1,0,0,0,0.0,0,0,0,0,2,0,2,6,2,7.0
Active,0.0,0.0,0,57000,57000,0.8387096774193549,0.0,0.0,Early,0.0,0.0,0.0,0.0,0.0,0.0,0.0,0.0,0.0,0.0,0.0,0,0,0,0,99.0,1,1,0,1,1,2,1,2,1,14.0
Active,0.0,0.0,0,75000,75000,0.8387096774193549,0.0,0.0,Early,0.0,0.0,0.0,0.0,0.0,0.0,0.0,0.0,0.0,0.0,0.0,0,0,0,0,0.0,1,0,1,0,1,0,1,1,1,4.0
Active,0.0,0.0,0,25000,25000,0.8387096774193549,0.0,0.0,Early,0.0,0.0,0.0,0.0,0.0,0.0,0.0,0.0,0.0,0.0,0.0,1,0,0,0,80.0,0,0,0,1,1,3,2,4,0,6.0
Active,0.0,0.0,0,75000,75000,0.7096774193548387,0.0,0.0,Early,0.0,0.0,0.0,0.0,0.0,0.0,0.0,0.0,0.0,0.0,0.0,0,0,0,0,0.0,0,0,0,0,1,0,2,4,0,5.0
Active,0.0,0.0,0,21400,179000,0.6774193548387096,0.0,0.0,Mature,0.0,0.0,0.0,0.0,0.0,0.0,0.0,0.0,0.0,0.0,0.0,0,1,0,0,136.0,0,0,0,0,1,0,2,9,0,5.0
Active,0.0,0.0,0,69000,69000,0.7419354838709677,0.0,0.0,Early,0.0,0.0,0.0,0.0,0.0,0.0,0.0,0.0,0.0,0.0,0.0,0,0,0,0,0.0,0,0,0,1,1,0,1,3,1,8.0
Active,0.0,0.0,0,35000,35000,0.7741935483870968,0.0,0.0,Early,0.0,0.0,0.0,0.0,0.0,0.0,0.0,0.0,0.0,0.0,0.0,0,0,0,0,205.0,0,0,1,0,1,0,3,2,1,4.0
Active,0.0,0.0,0,60000,60000,0.7419354838709677,0.0,0.0,Early,0.0,0.0,0.0,0.0,0.0,0.0,0.0,0.0,0.0,0.0,0.0,0,0,0,0,0.0,0,0,0,1,1,0,1,6,1,3.0
Active,0.0,0.0,0,20000,30000,0.7419354838709677,0.0,0.0,Early,0.0,0.0,0.0,0.0,0.0,0.0,0.0,0.0,0.0,0.0,0.0,0,0,0,0,385.0,0,0,0,1,1,0,4,9,1,4.0
Active,0.0,0.0,0,35000,0,0.6129032258064516,0.0,0.0,Early,0.0,0.0,0.0,0.0,0.0,0.0,0.0,0.0,0.0,0.0,0.0,0,0,0,0,10.0,0,0,0,0,1,0,1,7,0,4.0
Active,0.0,0.0,0,60000,60000,0.8709677419354839,0.0,0.0,Early,0.0,0.0,0.0,0.0,0.0,0.0,0.0,0.0,0.0,0.0,0.0,0,0,0,0,0.0,1,0,1,0,1,1,2,1,1,7.0
Active,0.0,0.0,0,57000,57000,0.7096774193548387,0.0,0.0,Early,0.0,0.0,0.0,0.0,0.0,0.0,0.0,0.0,0.0,0.0,0.0,0,0,0,0,0.0,0,0,0,0,1,0,1,3,0,6.0
Active,0.0,0.0,0,50000,0,0.5806451612903226,0.0,0.0,Early,0.0,0.0,0.0,0.0,0.0,0.0,0.0,0.0,0.0,0.0,0.0,1,0,0,0,0.0,0,0,0,0,1,0,1,3,0,2.0
Active,0.0,0.0,0,50000,0,0.7096774193548387,0.0,0.0,Early,0.0,0.0,0.0,0.0,0.0,0.0,0.0,0.0,0.0,0.0,0.0,0,0,0,0,45.0,0,0,0,1,1,0,3,4,0,2.0
Active,0.0,0.0,0,50000,50000,0.7096774193548387,0.0,0.0,Early,0.0,0.0,0.0,0.0,0.0,0.0,0.0,0.0,0.0,0.0,0.0,0,0,0,0,0.0,0,0,0,1,1,0,2,4,0,5.0
Active,0.0,0.0,0,50000,200000,0.7096774193548387,0.0,0.0,Early,0.0,0.0,0.0,0.0,0.0,0.0,0.0,0.0,0.0,0.0,0.0,1,0,0,0,304.0,0,0,0,0,1,0,3,2,0,6.0
Active,0.0,0.0,0,50000,50000,0.5806451612903226,0.0,0.0,Early,0.0,0.0,0.0,0.0,0.0,0.0,0.0,0.0,0.0,0.0,0.0,1,0,0,0,0.0,0,0,0,1,1,0,1,3,0,3.0
Active,0.0,0.0,0,50000,50000,0.6774193548387096,0.0,0.0,Early,0.0,0.0,0.0,0.0,0.0,0.0,0.0,0.0,0.0,0.0,0.0,1,0,0,0,0.0,0,0,0,0,1,0,1,3,0,7.0
Active,50000.0,1.0,1,40000,40000,0.9354838709677419,0.0,0.0,Not known,0.0,0.0,0.0,0.0,0.0,0.0,0.0,0.0,0.0,0.0,0.0,0,0,0,0,250.0,1,0,1,0,1,1,4,1,1,4.0
Active,0.0,0.0,0,28000,0,0.5161290322580645,0.0,0.0,Early,0.0,0.0,0.0,0.0,0.0,0.0,0.0,0.0,0.0,0.0,0.0,0,0,0,0,103.0,0,0,0,0,1,0,1,3,0,3.0
Active,0.0,0.0,0,109000,109000,0.7419354838709677,0.0,0.0,Early,0.0,0.0,0.0,0.0,0.0,0.0,0.0,0.0,0.0,0.0,0.0,0,0,0,0,0.0,0,0,0,0,1,1,5,3,0,6.0
Active,0.0,0.0,0,40000,40000,0.8387096774193549,0.0,0.0,Early,0.0,0.0,0.0,0.0,0.0,0.0,0.0,0.0,0.0,0.0,0.0,1,0,0,0,0.0,1,0,0,1,1,1,1,2,1,6.0
Active,0.0,0.0,0,40000,40000,0.7741935483870968,0.0,0.0,Early,0.0,0.0,0.0,0.0,0.0,0.0,0.0,0.0,0.0,0.0,0.0,0,0,0,0,0.0,1,1,0,1,1,1,2,4,1,5.0
Active,0.0,0.0,0,40000,40000,0.8709677419354839,0.0,0.0,Early,0.0,0.0,0.0,0.0,0.0,0.0,0.0,0.0,0.0,0.0,0.0,0,0,0,0,0.0,1,0,0,1,1,1,2,2,1,5.0
Active,0.0,0.0,0,40000,0,0.6774193548387096,0.0,0.0,Early,0.0,0.0,0.0,0.0,0.0,0.0,0.0,0.0,0.0,0.0,0.0,0,0,0,0,0.0,1,0,0,1,1,0,1,2,0,6.0
Active,0.0,0.0,0,50000,50000,0.7741935483870968,0.0,0.0,Early,0.0,0.0,0.0,0.0,0.0,0.0,0.0,0.0,0.0,0.0,0.0,0,1,0,0,0.0,0,0,0,1,1,0,2,4,1,3.0
Active,0.0,0.0,0,50000,50000,0.5806451612903226,0.0,0.0,Early,0.0,0.0,0.0,0.0,0.0,0.0,0.0,0.0,0.0,0.0,0.0,0,0,0,0,0.0,0,1,0,0,1,1,0,1,0,0.0
Active,0.0,0.0,0,40000,0,0.7096774193548387,0.0,0.0,Early,0.0,0.0,0.0,0.0,0.0,0.0,0.0,0.0,0.0,0.0,0.0,0,1,0,0,0.0,0,0,0,1,1,0,3,1,1,4.0
Active,0.0,0.0,0,40000,40000,0.7419354838709677,0.0,0.0,Early,0.0,0.0,0.0,0.0,0.0,0.0,0.0,0.0,0.0,0.0,0.0,1,0,0,0,0.0,0,0,0,1,1,0,1,4,1,4.0
Active,0.0,0.0,0,35000,35000,0.8709677419354839,0.0,0.0,Early,0.0,0.0,0.0,0.0,0.0,0.0,0.0,0.0,0.0,0.0,0.0,0,0,0,0,0.0,1,0,0,1,5,1,2,1,1,3.0
Active,0.0,0.0,0,30000,30000,0.6774193548387096,0.0,0.0,Early,0.0,0.0,0.0,0.0,0.0,0.0,0.0,0.0,0.0,0.0,0.0,0,1,0,0,0.0,0,0,0,0,1,0,1,5,0,3.0
Active,0.0,0.0,0,28000,28000,0.8387096774193549,0.0,0.0,Early,0.0,0.0,0.0,0.0,0.0,0.0,0.0,0.0,0.0,0.0,0.0,1,0,0,0,0.0,0,0,0,1,1,1,2,2,1,4.0
Active,0.0,0.0,0,28000,28000,0.8064516129032258,0.0,0.0,Early,0.0,0.0,0.0,0.0,0.0,0.0,0.0,0.0,0.0,0.0,0.0,0,0,0,0,0.0,1,0,0,1,1,0,4,3,1,4.0
Active,0.0,0.0,0,17000,17000,0.6774193548387096,0.0,0.0,Early,0.0,0.0,0.0,0.0,0.0,0.0,0.0,0.0,0.0,0.0,0.0,0,0,0,0,455.0,0,0,0,0,1,0,2,6,0,4.0
Active,0.0,0.0,0,27000,27000,0.6774193548387096,0.0,0.0,Early,0.0,0.0,0.0,0.0,0.0,0.0,0.0,0.0,0.0,0.0,0.0,0,0,0,0,0.0,0,0,0,0,1,0,2,6,0,3.0
Active,0.0,0.0,0,17000,17000,0.7419354838709677,0.0,0.0,Early,0.0,0.0,0.0,0.0,0.0,0.0,0.0,0.0,0.0,0.0,0.0,0,0,0,0,0.0,0,0,0,1,1,0,2,3,1,5.0
Active,0.0,0.0,0,28000,28000,0.7419354838709677,0.0,0.0,Early,0.0,0.0,0.0,0.0,0.0,0.0,0.0,0.0,0.0,0.0,0.0,0,0,0,0,0.0,0,0,0,1,1,0,4,2,1,3.0
Active,0.0,0.0,0,28000,28000,0.6451612903225806,0.0,0.0,Early,0.0,0.0,0.0,0.0,0.0,0.0,0.0,0.0,0.0,0.0,0.0,0,0,0,0,0.0,0,0,0,0,1,0,2,3,0,4.0
Active,0.0,0.0,0,28000,28000,0.7419354838709677,0.0,0.0,Early,0.0,0.0,0.0,0.0,0.0,0.0,0.0,0.0,0.0,0.0,0.0,0,0,0,0,0.0,0,0,0,1,1,0,1,3,1,3.0
Active,0.0,0.0,0,28000,28000,0.6774193548387096,0.0,0.0,Early,0.0,0.0,0.0,0.0,0.0,0.0,0.0,0.0,0.0,0.0,0.0,0,0,0,0,0.0,0,0,0,0,1,0,2,2,0,4.0
Active,0.0,0.0,0,28000,0,0.5806451612903226,0.0,0.0,Early,0.0,0.0,0.0,0.0,0.0,0.0,0.0,0.0,0.0,0.0,0.0,0,0,0,0,0.0,0,0,0,0,1,0,1,5,0,3.0
Active,0.0,0.0,0,25000,25000,0.6774193548387096,0.0,0.0,Early,0.0,0.0,0.0,0.0,0.0,0.0,0.0,0.0,0.0,0.0,0.0,1,0,0,0,0.0,0,0,0,1,1,0,1,2,1,2.0
Active,0.0,0.0,0,25000,25000,0.6129032258064516,0.0,0.0,Early,0.0,0.0,0.0,0.0,0.0,0.0,0.0,0.0,0.0,0.0,0.0,0,0,0,0,0.0,0,0,0,0,1,0,1,5,0,3.0
Active,0.0,0.0,0,25000,25000,0.5483870967741935,0.0,0.0,Early,0.0,0.0,0.0,0.0,0.0,0.0,0.0,0.0,0.0,0.0,0.0,1,0,0,0,0.0,0,0,0,0,1,0,2,3,0,2.0
Active,0.0,0.0,0,25000,25000,0.8387096774193549,0.0,0.0,Early,0.0,0.0,0.0,0.0,0.0,0.0,0.0,0.0,0.0,0.0,0.0,1,0,0,0,0.0,1,0,0,1,1,8,2,2,1,5.0
Active,0.0,0.0,0,25000,25000,0.8387096774193549,0.0,0.0,Early,0.0,0.0,0.0,0.0,0.0,0.0,0.0,0.0,0.0,0.0,0.0,1,0,0,0,0.0,1,1,0,1,1,8,1,1,1,3.0
Active,0.0,0.0,0,25000,0,0.7419354838709677,0.0,0.0,Early,0.0,0.0,0.0,0.0,0.0,0.0,0.0,0.0,0.0,0.0,0.0,1,0,0,0,0.0,1,0,0,1,1,1,1,2,0,5.0
Active,0.0,0.0,0,25000,25000,0.7096774193548387,0.0,0.0,Early,0.0,0.0,0.0,0.0,0.0,0.0,0.0,0.0,0.0,0.0,0.0,0,0,0,0,0.0,0,0,0,0,1,0,1,3,0,9.0
Active,0.0,0.0,0,20000,0,0.6129032258064516,0.0,0.0,Early,0.0,0.0,0.0,0.0,0.0,0.0,0.0,0.0,0.0,0.0,0.0,0,0,0,0,0.0,0,0,0,0,1,0,1,10,0,7.0
Active,0.0,0.0,0,20000,0,0.4838709677419355,0.0,0.0,Early,0.0,0.0,0.0,0.0,0.0,0.0,0.0,0.0,0.0,0.0,0.0,0,1,0,0,0.0,0,0,0,0,1,0,1,0,0,4.0
Active,0.0,0.0,0,20000,20000,0.8387096774193549,0.0,0.0,Early,0.0,0.0,0.0,0.0,0.0,0.0,0.0,0.0,0.0,0.0,0.0,0,1,0,0,0.0,1,1,0,1,1,1,1,6,1,6.0
Active,0.0,0.0,0,110000,0,0.6451612903225806,0.0,0.0,Early,0.0,0.0,0.0,0.0,0.0,0.0,0.0,0.0,0.0,0.0,0.0,0,0,0,0,0.0,0,0,1,0,1,0,2,4,1,3.0
Active,0.0,0.0,0,17000,17000,0.7741935483870968,0.0,0.0,Early,0.0,0.0,0.0,0.0,0.0,0.0,0.0,0.0,0.0,0.0,0.0,0,1,0,0,0.0,1,1,0,1,1,0,1,2,0,5.0
Active,0.0,0.0,0,17000,0,0.6774193548387096,0.0,0.0,Early,0.0,0.0,0.0,0.0,0.0,0.0,0.0,0.0,0.0,0.0,0.0,1,0,0,0,0.0,0,0,0,0,1,2,2,3,0,4.0
Active,0.0,0.0,0,70000,70000,0.8064516129032258,0.0,0.0,Early,0.0,0.0,0.0,0.0,0.0,0.0,0.0,0.0,0.0,0.0,0.0,1,0,0,0,0.0,1,1,1,0,1,3,3,8,0,4.0
Active,0.0,0.0,0,17000,17000,0.8064516129032258,0.0,0.0,Early,0.0,0.0,0.0,0.0,0.0,0.0,0.0,0.0,0.0,0.0,0.0,0,1,0,0,0.0,0,1,0,1,1,0,2,3,1,4.0
Active,0.0,0.0,0,15000,15000,0.7419354838709677,0.0,0.0,Early,0.0,0.0,0.0,0.0,0.0,0.0,0.0,0.0,0.0,0.0,0.0,0,0,0,0,0.0,1,1,0,0,1,1,0,1,0,3.0
Active,0.0,0.0,0,15000,15000,0.7419354838709677,0.0,0.0,Early,0.0,0.0,0.0,0.0,0.0,0.0,0.0,0.0,0.0,0.0,0.0,1,0,0,0,171.0,0,0,0,1,1,3,1,3,0,5.0
Active,0.0,0.0,0,15000,15000,0.9032258064516129,0.0,0.0,Early,0.0,0.0,0.0,0.0,0.0,0.0,0.0,0.0,0.0,0.0,0.0,1,0,0,0,0.0,0,1,0,1,1,1,2,1,1,3.0
Active,0.0,0.0,0,10000,10000,0.7096774193548387,0.0,0.0,Early,0.0,0.0,0.0,0.0,0.0,0.0,0.0,0.0,0.0,0.0,0.0,0,0,0,0,0.0,1,1,0,1,1,0,2,9,0,5.0
Active,0.0,0.0,0,10000,10000,0.8387096774193549,0.0,0.0,Early,0.0,0.0,0.0,0.0,0.0,0.0,0.0,0.0,0.0,0.0,0.0,0,0,0,0,0.0,1,0,0,1,1,1,1,1,1,3.0
Active,0.0,0.0,0,10000,10000,0.7741935483870968,0.0,0.0,Early,0.0,0.0,0.0,0.0,0.0,0.0,0.0,0.0,0.0,0.0,0.0,0,0,0,0,0.0,0,0,0,1,1,1,1,1,0,3.0
Active,0.0,0.0,0,10000,10000,0.7419354838709677,0.0,0.0,Early,0.0,0.0,0.0,0.0,0.0,0.0,0.0,0.0,0.0,0.0,0.0,0,0,0,0,0.0,0,0,0,1,1,0,1,10,1,3.0
Active,0.0,0.0,0,10000,10000,0.8387096774193549,0.0,0.0,Early,0.0,0.0,0.0,0.0,0.0,0.0,0.0,0.0,0.0,0.0,0.0,0,0,0,0,0.0,1,1,0,1,1,2,1,1,1,4.0
Active,0.0,0.0,0,10000,0,0.5483870967741935,0.0,0.0,Early,0.0,0.0,0.0,0.0,0.0,0.0,0.0,0.0,0.0,0.0,0.0,0,0,0,0,0.0,0,0,0,0,1,0,1,1,0,5.0
Active,5000.0,0.0,0,5000,5000,0.8709677419354839,0.0,0.0,Early,0.0,0.0,0.0,0.0,0.0,0.0,0.0,0.0,0.0,0.0,0.0,0,0,0,0,0.0,1,0,0,1,1,1,1,1,1,3.0
Active,0.0,0.0,0,5000,0,0.7741935483870968,0.0,0.0,Early,0.0,0.0,0.0,0.0,0.0,0.0,0.0,0.0,0.0,0.0,0.0,0,0,0,0,0.0,1,0,0,1,1,0,3,5,1,3.0
Active,0.0,0.0,0,5000,5000,0.6774193548387096,0.0,0.0,Early,0.0,0.0,0.0,0.0,0.0,0.0,0.0,0.0,0.0,0.0,0.0,0,0,0,0,0.0,0,0,0,1,1,0,1,1,1,4.0
Active,0.0,0.0,0,5000,5000,0.6774193548387096,0.0,0.0,Early,0.0,0.0,0.0,0.0,0.0,0.0,0.0,0.0,0.0,0.0,0.0,0,0,0,0,0.0,0,0,0,0,1,0,1,5,0,3.0
Active,0.0,0.0,0,5000,5000,0.8387096774193549,0.0,0.0,Early,0.0,0.0,0.0,0.0,0.0,0.0,0.0,0.0,0.0,0.0,0.0,0,1,0,0,0.0,0,0,1,0,1,1,1,2,1,5.0
Active,0.0,0.0,0,4170,4170,0.6451612903225806,0.0,0.0,Early,0.0,0.0,0.0,0.0,0.0,0.0,0.0,0.0,0.0,0.0,0.0,0,0,0,0,0.0,0,0,0,0,1,0,1,3,0,3.0
Active,3800.0,0.0,1,3800,3800,0.8709677419354839,0.0,0.0,Not known,0.0,0.0,0.0,0.0,0.0,0.0,0.0,0.0,0.0,0.0,0.0,0,0,0,0,0.0,1,0,0,1,1,1,1,1,1,4.0
Active,3800.0,0.0,1,3800,3800,0.8709677419354839,0.0,0.0,Not known,0.0,0.0,0.0,0.0,0.0,0.0,0.0,0.0,0.0,0.0,0.0,1,0,0,0,0.0,1,0,0,1,1,1,1,1,1,4.0
Active,0.0,0.0,0,3600,3600,0.6774193548387096,0.0,0.0,Early,0.0,0.0,0.0,0.0,0.0,0.0,0.0,0.0,0.0,0.0,0.0,0,0,0,0,0.0,0,0,0,0,1,0,1,6,0,3.0
Active,0.0,0.0,0,3500,3500,0.7096774193548387,0.0,0.0,Early,0.0,0.0,0.0,0.0,0.0,0.0,0.0,0.0,0.0,0.0,0.0,1,0,0,0,352.0,0,0,0,0,1,0,2,2,0,4.0
Active,0.0,0.0,1,1200,3000,0.8387096774193549,0.0,0.0,Early,0.0,0.0,0.0,0.0,0.0,0.0,0.0,0.0,0.0,0.0,0.0,0,0,0,0,92.0,1,1,0,1,1,2,1,5,1,5.0
Active,0.0,0.0,0,2790,2790,0.6451612903225806,0.0,0.0,Early,0.0,0.0,0.0,0.0,0.0,0.0,0.0,0.0,0.0,0.0,0.0,0,0,0,0,0.0,0,0,0,0,1,0,1,3,0,4.0
Active,0.0,0.0,0,2800,2800,0.6774193548387096,0.0,0.0,Early,0.0,0.0,0.0,0.0,0.0,0.0,0.0,0.0,0.0,0.0,0.0,0,0,0,0,0.0,0,0,0,1,1,0,2,4,1,3.0
Active,0.0,0.0,0,2132,2132,0.7096774193548387,0.0,0.0,Early,0.0,0.0,0.0,0.0,0.0,0.0,0.0,0.0,0.0,0.0,0.0,0,0,0,0,0.0,1,0,1,0,1,0,1,1,1,3.0
Active,0.0,0.0,0,2000,2000,0.6774193548387096,0.0,0.0,Early,0.0,0.0,0.0,0.0,0.0,0.0,0.0,0.0,0.0,0.0,0.0,0,0,0,0,0.0,0,0,0,0,1,0,1,4,0,3.0
Active,0.0,0.0,0,1000,1000,0.8064516129032258,0.0,0.0,Early,0.0,0.0,0.0,0.0,0.0,0.0,0.0,0.0,0.0,0.0,0.0,1,0,0,0,0.0,0,1,0,1,1,0,2,2,1,3.0
Active,0.0,0.0,1,20000000,20000000,0.6451612903225806,0.0,0.0,Early,0.0,0.0,0.0,0.0,0.0,0.0,0.0,0.0,0.0,0.0,0.0,0,0,0,0,0.0,0,0,0,0,0,0,1,2,0,6.0
Active,0.0,0.0,1,1000000,1000000,0.6451612903225806,0.0,0.0,Early,0.0,0.0,0.0,0.0,0.0,0.0,0.0,0.0,0.0,0.0,0.0,0,1,0,0,0.0,0,0,0,0,1,0,2,5,0,10.0
Active,0.0,0.0,1,1100000,1100000,0.6129032258064516,0.0,0.0,Early,0.0,0.0,0.0,0.0,0.0,0.0,0.0,0.0,0.0,0.0,0.0,0,0,0,0,0.0,0,0,0,0,1,0,1,6,0,5.0
Active,0.0,0.0,1,11300000,11300000,0.7419354838709677,0.0,0.0,Early,0.0,0.0,0.0,0.0,0.0,0.0,0.0,0.0,0.0,0.0,0.0,0,0,0,0,576.0,0,0,1,0,5,6,3,2,0,8.0
Active,0.0,0.0,1,25000,25000,0.8387096774193549,0.0,0.0,Early,0.0,0.0,0.0,0.0,0.0,0.0,0.0,0.0,0.0,0.0,0.0,0,0,0,0,0.0,1,0,1,0,1,1,1,4,1,4.0
Active,0.0,0.0,0,515000,515000,0.8709677419354839,0.0,0.0,Early,0.0,0.0,0.0,0.0,0.0,0.0,0.0,0.0,0.0,0.0,0.0,0,1,0,0,58.0,0,0,1,0,1,2,3,2,1,3.0
Active,0.0,0.0,0,120000,120000,0.7096774193548387,0.0,0.0,Early,0.0,0.0,0.0,0.0,0.0,0.0,0.0,0.0,0.0,0.0,0.0,0,0,0,0,0.0,0,0,1,0,1,0,3,4,0,6.0
Active,0.0,0.0,1,2700,2700,0.8709677419354839,0.0,0.0,Early,0.0,0.0,0.0,0.0,0.0,0.0,0.0,0.0,0.0,0.0,0.0,0,0,0,0,0.0,1,1,0,1,1,1,3,3,1,3.0
Active,0.0,0.0,0,9900,9900,0.6774193548387096,0.0,0.0,Early,0.0,0.0,0.0,0.0,0.0,0.0,0.0,0.0,0.0,0.0,0.0,0,0,0,0,0.0,0,0,1,0,1,0,1,2,0,4.0
Active,0.0,0.0,1,48000000,48000000,0.8387096774193549,0.0,0.0,Early,0.0,0.0,0.0,0.0,0.0,0.0,0.0,0.0,0.0,0.0,0.0,0,0,0,0,57.0,0,0,0,1,1,4,1,3,1,6.0
Active,0.0,0.0,0,15000,15000,0.7096774193548387,0.0,0.0,Early,0.0,0.0,0.0,0.0,0.0,0.0,0.0,0.0,0.0,0.0,0.0,0,1,0,0,0.0,0,0,0,0,1,0,1,5,0,3.0
Active,0.0,0.0,1,1100000,1100000,0.8709677419354839,0.0,0.0,Early,0.0,0.0,0.0,0.0,0.0,0.0,0.0,0.0,0.0,0.0,0.0,0,0,0,0,381.0,1,1,0,1,1,4,3,4,1,6.0
Active,0.0,0.0,1,5000000,10000000,0.6774193548387096,0.0,0.0,Growth,0.0,0.0,0.0,0.0,0.0,0.0,0.0,0.0,0.0,0.0,0.0,1,0,0,0,0.0,0,0,0,1,1,0,2,1,0,15.0
Active,0.0,0.0,1,100000,100000,0.6774193548387096,0.0,0.0,Early,0.0,0.0,0.0,0.0,0.0,0.0,0.0,0.0,0.0,0.0,0.0,1,0,0,0,0.0,0,0,0,0,1,0,1,3,0,7.0
Active,0.0,0.0,1,95000,95000,0.8064516129032258,0.0,0.0,Early,0.0,0.0,0.0,0.0,0.0,0.0,0.0,0.0,0.0,0.0,0.0,0,0,0,0,0.0,0,0,1,0,1,1,2,4,0,3.0
Active,0.0,0.0,0,9900,9900,0.5806451612903226,0.0,0.0,Early,0.0,0.0,0.0,0.0,0.0,0.0,0.0,0.0,0.0,0.0,0.0,0,0,0,0,0.0,0,0,0,0,1,0,1,3,0,4.0
Active,0.0,0.0,0,1000000,1000000,0.7741935483870968,0.0,0.0,Early,0.0,0.0,0.0,0.0,0.0,0.0,0.0,0.0,0.0,0.0,0.0,0,0,0,0,0.0,0,0,1,0,1,0,3,4,1,5.0
Active,0.0,0.0,0,230000,230000,0.8709677419354839,0.0,0.0,Early,0.0,0.0,0.0,0.0,0.0,0.0,0.0,0.0,0.0,0.0,0.0,0,0,0,0,0.0,1,1,0,1,1,1,2,3,1,3.0
Active,0.0,0.0,0,100000,100000,0.7096774193548387,0.0,0.0,Early,0.0,0.0,0.0,0.0,0.0,0.0,0.0,0.0,0.0,0.0,0.0,0,0,0,0,0.0,0,0,1,0,1,0,2,4,0,3.0
Active,0.0,0.0,0,0,0,0.6774193548387096,0.0,0.0,Not known,0.0,0.0,0.0,0.0,0.0,0.0,0.0,0.0,0.0,0.0,0.0,1,0,0,0,0.0,0,0,0,1,1,1,1,3,1,4.0
Active,0.0,0.0,0,0,0,0.4838709677419355,0.0,0.0,Early,0.0,0.0,0.0,0.0,0.0,0.0,0.0,0.0,0.0,0.0,0.0,0,0,0,0,0.0,0,0,0,0,1,0,0,5,0,7.0
Active,0.0,0.0,1,13900,13900,0.7741935483870968,0.0,0.0,Not known,0.0,0.0,0.0,0.0,0.0,0.0,0.0,0.0,0.0,0.0,0.0,0,0,0,0,0.0,0,0,0,1,1,1,1,1,0,5.0
Active,0.0,0.0,0,35000,0,0.5806451612903226,0.0,0.0,Early,0.0,0.0,0.0,0.0,0.0,0.0,0.0,0.0,0.0,0.0,0.0,0,0,0,0,0.0,0,0,0,0,1,0,1,3,0,5.0
Active,0.0,0.0,1,1500000,1500000,0.7096774193548387,0.0,0.0,Early,0.0,0.0,0.0,0.0,0.0,0.0,0.0,0.0,0.0,0.0,0.0,0,1,0,0,0.0,0,0,0,1,1,0,2,5,0,10.0
Active,0.0,0.0,1,50000,2000000,0.8064516129032258,0.0,0.0,Early,0.0,0.0,0.0,0.0,0.0,0.0,0.0,0.0,0.0,0.0,0.0,0,0,0,0,0.0,0,0,0,1,1,0,2,2,1,6.0
Active,0.0,0.0,0,250000,250000,0.8709677419354839,0.0,0.0,Early,0.0,0.0,0.0,0.0,0.0,0.0,0.0,0.0,0.0,0.0,0.0,0,0,0,0,0.0,0,1,0,1,2,3,1,5,2,8.0
Active,0.0,0.0,1,41000,41000,0.7741935483870968,0.0,0.0,Early,0.0,0.0,0.0,0.0,0.0,0.0,0.0,0.0,0.0,0.0,0.0,0,0,0,0,0.0,1,0,0,1,1,0,1,1,1,9.0
Active,0.0,0.0,1,100000,100000,0.8387096774193549,0.0,0.0,Early,0.0,0.0,0.0,0.0,0.0,0.0,0.0,0.0,0.0,0.0,0.0,0,0,0,0,0.0,0,0,0,1,1,1,2,2,1,5.0
Acquired,0.0,0.0,0,8500000,0,0.6451612903225806,0.0,0.0,Mature,0.0,0.0,0.0,0.0,0.0,0.0,0.0,0.0,0.0,0.0,0.0,0,1,0,0,0.0,0,0,0,1,1,0,2,3,0,27.0
Active,0.0,0.0,1,12000,12000,0.8709677419354839,0.0,0.0,Early,0.0,0.0,0.0,0.0,0.0,0.0,0.0,0.0,0.0,0.0,0.0,0,0,0,0,0.0,0,1,0,1,1,2,3,3,1,5.0
Active,0.0,0.0,0,16900,16900,0.7741935483870968,0.0,0.0,Early,0.0,0.0,0.0,0.0,0.0,0.0,0.0,0.0,0.0,0.0,0.0,0,0,0,0,0.0,0,0,1,0,1,0,2,2,0,2.0
Active,0.0,0.0,1,1400000,1400000,0.8387096774193549,0.0,0.0,Early,0.0,0.0,0.0,0.0,0.0,0.0,0.0,0.0,0.0,0.0,0.0,0,0,0,0,0.0,0,0,0,0,1,1,1,2,1,3.0
Active,0.0,0.0,1,70000,70000,0.7741935483870968,0.0,0.0,Early,0.0,0.0,0.0,0.0,0.0,0.0,0.0,0.0,0.0,0.0,0.0,0,0,0,0,0.0,0,0,1,0,1,1,1,1,0,3.0
Active,0.0,0.0,1,10000,10000,0.8064516129032258,0.0,0.0,Early,0.0,0.0,0.0,0.0,0.0,0.0,0.0,0.0,0.0,0.0,0.0,1,0,0,0,0.0,1,1,0,1,1,1,1,4,1,2.0
Active,0.0,0.0,1,70000,70000,0.8709677419354839,0.0,0.0,Early,0.0,0.0,0.0,0.0,0.0,0.0,0.0,0.0,0.0,0.0,0.0,0,0,0,0,0.0,0,1,0,1,1,1,3,2,1,3.0
Active,0.0,0.0,1,50000,50000,0.5806451612903226,0.0,0.0,Early,0.0,0.0,0.0,0.0,0.0,0.0,0.0,0.0,0.0,0.0,0.0,0,1,0,0,0.0,0,0,0,0,1,1,0,2,0,14.0
Active,0.0,0.0,0,50000,50000,0.8064516129032258,0.0,0.0,Early,0.0,0.0,0.0,0.0,0.0,0.0,0.0,0.0,0.0,0.0,0.0,0,1,0,0,0.0,0,1,0,1,1,1,1,3,0,12.0
Active,0.0,0.0,1,20000,20000,0.6129032258064516,0.0,0.0,Not known,0.0,0.0,0.0,0.0,0.0,0.0,0.0,0.0,0.0,0.0,0.0,0,0,0,0,0.0,0,0,0,0,1,0,1,1,0,7.0
Active,0.0,0.0,1,1200000,1200000,0.8064516129032258,0.0,0.0,Early,0.0,0.0,0.0,0.0,0.0,0.0,0.0,0.0,0.0,0.0,0.0,0,0,0,0,0.0,0,0,0,1,1,1,1,1,1,3.0
Active,0.0,0.0,1,75000,75000,0.8387096774193549,0.0,0.0,Early,0.0,0.0,0.0,0.0,0.0,0.0,0.0,0.0,0.0,0.0,0.0,0,0,0,0,0.0,1,0,1,0,1,1,2,2,1,7.0
Active,0.0,0.0,0,0,0,0.22580645161290322,0.0,0.0,Not known,0.0,0.0,0.0,0.0,0.0,0.0,0.0,0.0,0.0,0.0,0.0,0,0,0,0,0.0,0,0,0,0,0,0,0,2,0,0.0
Active,0.0,0.0,0,385000,0,0.45161290322580644,0.0,0.0,Early,0.0,0.0,0.0,0.0,0.0,0.0,0.0,0.0,0.0,0.0,0.0,1,0,0,0,0.0,0,0,0,0,0,0,0,2,0,9.0
Active,0.0,0.0,1,0,0,0.5483870967741935,0.0,0.0,Growth,0.0,0.0,0.0,0.0,0.0,0.0,0.0,0.0,0.0,0.0,0.0,1,0,0,0,0.0,0,0,0,1,1,0,1,3,0,11.0
Active,0.0,0.0,1,1000000,0,0.5161290322580645,0.0,0.0,Not known,0.0,0.0,0.0,0.0,0.0,0.0,0.0,0.0,0.0,0.0,0.0,1,0,0,0,0.0,0,0,0,0,0,0,2,6,0,5.0
Active,0.0,0.0,1,200000,1250000000,0.8064516129032258,0.0,0.0,Growth,0.0,0.0,0.0,0.0,0.0,0.0,0.0,0.0,0.0,0.0,0.0,0,0,0,0,0.0,1,1,0,1,14,5,1,3,14,21.0
Active,0.0,0.0,0,6800000,6800000,0.7419354838709677,0.0,0.0,Mature,0.0,0.0,0.0,0.0,0.0,0.0,0.0,0.0,0.0,0.0,0.0,0,0,0,0,145.0,0,0,0,1,10,0,3,7,5,11.0
Acquired,0.0,0.0,1,10000,150000,0.6774193548387096,0.0,0.0,Early,0.0,0.0,0.0,0.0,0.0,0.0,0.0,0.0,0.0,0.0,0.0,0,0,0,0,0.0,0,0,0,0,1,0,2,3,0,5.0
Active,0.0,0.0,0,73000,73000,0.7419354838709677,0.0,0.0,Early,0.0,0.0,0.0,0.0,0.0,0.0,0.0,0.0,0.0,0.0,0.0,0,0,0,0,0.0,0,0,0,1,1,0,1,4,1,5.0
Active,0.0,0.0,0,360000,360000,0.5806451612903226,0.0,0.0,Growth,0.0,0.0,0.0,0.0,0.0,0.0,0.0,0.0,0.0,0.0,0.0,0,1,0,0,0.0,0,0,0,0,1,0,1,3,0,14.0
Active,0.0,0.0,0,16000,0,0.6774193548387096,0.0,0.0,Early,0.0,0.0,0.0,0.0,0.0,0.0,0.0,0.0,0.0,0.0,0.0,1,0,0,0,0.0,0,0,0,0,7,0,2,3,0,6.0
Active,0.0,0.0,1,20000,20000,0.8387096774193549,0.0,0.0,Early,0.0,0.0,0.0,0.0,0.0,0.0,0.0,0.0,0.0,0.0,0.0,0,0,0,0,0.0,0,1,0,1,1,1,1,2,1,6.0
Active,0.0,0.0,1,9000,0,0.7096774193548387,0.0,0.0,Early,0.0,0.0,0.0,0.0,0.0,0.0,0.0,0.0,0.0,0.0,0.0,0,0,0,0,0.0,1,0,0,1,1,0,2,4,0,6.0
Active,0.0,0.0,1,10000,10000,0.6129032258064516,0.0,0.0,Early,0.0,0.0,0.0,0.0,0.0,0.0,0.0,0.0,0.0,0.0,0.0,0,0,0,0,0.0,0,0,0,0,1,0,1,3,0,3.0
Active,0.0,0.0,0,1000000,1000000,0.6774193548387096,0.0,0.0,Growth,0.0,0.0,0.0,0.0,0.0,0.0,0.0,0.0,0.0,0.0,0.0,0,0,0,0,1045.0,0,0,0,0,3,0,3,4,0,10.0
Active,0.0,0.0,0,1500000,1500000,0.6451612903225806,0.0,0.0,Growth,0.0,0.0,0.0,0.0,0.0,0.0,0.0,0.0,0.0,0.0,0.0,0,0,0,0,0.0,0,0,0,0,4,0,2,7,0,14.0
Active,0.0,0.0,0,10000,0,0.5806451612903226,0.0,0.0,Not known,0.0,0.0,0.0,0.0,0.0,0.0,0.0,0.0,0.0,0.0,0.0,0,0,0,0,0.0,0,0,0,0,1,0,1,1,0,7.0
Active,0.0,0.0,1,692000,692000,0.6451612903225806,0.0,0.0,Early,0.0,0.0,0.0,0.0,0.0,0.0,0.0,0.0,0.0,0.0,0.0,0,0,0,0,431.0,0,0,0,0,1,0,2,2,0,9.0
Active,0.0,0.0,1,50000,50000,0.6451612903225806,0.0,0.0,Early,0.0,0.0,0.0,0.0,0.0,0.0,0.0,0.0,0.0,0.0,0.0,0,1,0,0,0.0,0,0,0,0,1,0,3,4,0,7.0
Active,0.0,0.0,0,8300,0,0.7096774193548387,0.0,0.0,Not known,0.0,0.0,0.0,0.0,0.0,0.0,0.0,0.0,0.0,0.0,0.0,0,0,0,0,0.0,0,0,0,1,1,1,2,3,1,4.0
Active,0.0,0.0,1,25000,25000,0.4838709677419355,0.0,0.0,Early,0.0,0.0,0.0,0.0,0.0,0.0,0.0,0.0,0.0,0.0,0.0,0,0,0,0,0.0,0,0,1,0,1,0,1,1,1,5.0
Active,0.0,0.0,0,0,0,0.4838709677419355,0.0,0.0,Early,0.0,0.0,0.0,0.0,0.0,0.0,0.0,0.0,0.0,0.0,0.0,1,0,0,0,0.0,0,0,0,0,1,0,1,1,0,5.0
Active,0.0,0.0,0,5000,0,0.5161290322580645,0.0,0.0,Not known,0.0,0.0,0.0,0.0,0.0,0.0,0.0,0.0,0.0,0.0,0.0,0,0,0,0,0.0,0,0,0,0,1,0,1,1,0,4.0
Active,0.0,0.0,0,2050000,2050000,0.6451612903225806,0.0,0.0,Early,0.0,0.0,0.0,0.0,0.0,0.0,0.0,0.0,0.0,0.0,0.0,0,0,0,0,0.0,0,0,0,0,2,0,2,3,0,8.0
Active,0.0,0.0,0,23000000,23000000,0.6774193548387096,0.0,0.0,Not known,0.0,0.0,0.0,0.0,0.0,0.0,0.0,0.0,0.0,0.0,0.0,1,0,0,0,0.0,0,0,0,0,4,0,3,3,0,7.0
Active,0.0,0.0,1,25000,25000,0.7419354838709677,0.0,0.0,Early,0.0,0.0,0.0,0.0,0.0,0.0,0.0,0.0,0.0,0.0,0.0,0,0,0,0,0.0,0,1,0,1,1,1,1,1,1,6.0
Active,0.0,0.0,0,2034360,60000000,0.6774193548387096,0.0,0.0,Growth,0.0,0.0,0.0,0.0,0.0,0.0,0.0,0.0,0.0,0.0,0.0,0,0,0,0,0.0,0,0,0,0,1,0,2,4,0,13.0
Active,0.0,0.0,1,10000,10000,0.6451612903225806,0.0,0.0,Early,0.0,0.0,0.0,0.0,0.0,0.0,0.0,0.0,0.0,0.0,0.0,1,0,0,0,0.0,0,0,0,1,2,0,2,2,0,6.0
Active,0.0,0.0,0,35000,0,0.5483870967741935,0.0,0.0,Early,0.0,0.0,0.0,0.0,0.0,0.0,0.0,0.0,0.0,0.0,0.0,0,1,0,0,0.0,0,0,0,0,1,0,0,3,0,5.0
Active,0.0,0.0,1,1700000,1700000,0.6451612903225806,0.0,0.0,Early,0.0,0.0,0.0,0.0,0.0,0.0,0.0,0.0,0.0,0.0,0.0,0,1,0,0,0.0,0,0,0,0,1,0,1,3,0,7.0
Acquired,0.0,0.0,0,7275000,7275000,0.6451612903225806,0.0,0.0,Growth,0.0,0.0,0.0,0.0,0.0,0.0,0.0,0.0,0.0,0.0,0.0,0,0,0,0,0.0,0,0,0,0,1,0,1,3,0,6.0
Active,0.0,0.0,1,1600000,1600000,0.6774193548387096,0.0,0.0,Early,0.0,0.0,0.0,0.0,0.0,0.0,0.0,0.0,0.0,0.0,0.0,0,0,0,0,0.0,0,0,0,1,1,0,1,2,0,5.0
Active,0.0,0.0,1,20000,20000,0.8387096774193549,0.0,0.0,Early,0.0,0.0,0.0,0.0,0.0,0.0,0.0,0.0,0.0,0.0,0.0,0,0,0,0,0.0,1,0,1,0,1,1,2,2,1,6.0
Active,0.0,0.0,1,15700,15700,0.8387096774193549,0.0,0.0,Early,0.0,0.0,0.0,0.0,0.0,0.0,0.0,0.0,0.0,0.0,0.0,0,1,0,0,0.0,1,1,0,1,1,1,1,3,1,5.0
Active,0.0,0.0,1,450000,450000,0.7096774193548387,0.0,0.0,Early,0.0,0.0,0.0,0.0,0.0,0.0,0.0,0.0,0.0,0.0,0.0,1,0,0,0,0.0,0,0,0,1,1,0,3,3,1,7.0
Active,0.0,0.0,1,10000,10000,0.8064516129032258,0.0,0.0,Early,0.0,0.0,0.0,0.0,0.0,0.0,0.0,0.0,0.0,0.0,0.0,0,0,0,0,0.0,1,0,0,1,1,0,2,6,1,3.0
Active,0.0,0.0,1,9870000,9870000,0.5806451612903226,0.0,0.0,Growth,0.0,0.0,0.0,0.0,0.0,0.0,0.0,0.0,0.0,0.0,0.0,0,0,0,0,0.0,0,0,0,0,1,0,1,2,0,20.0
Active,0.0,0.0,1,25000,25000,0.8387096774193549,0.0,0.0,Early,0.0,0.0,0.0,0.0,0.0,0.0,0.0,0.0,0.0,0.0,0.0,0,0,0,0,0.0,0,1,1,0,1,1,2,2,1,4.0
Active,0.0,0.0,0,22000,0,0.3870967741935484,0.0,0.0,Not known,0.0,0.0,0.0,0.0,0.0,0.0,0.0,0.0,0.0,0.0,0.0,0,0,0,0,0.0,0,0,0,0,1,0,0,2,0,3.0
Active,0.0,0.0,1,3000,3000,0.6774193548387096,0.0,0.0,Early,0.0,0.0,0.0,0.0,0.0,0.0,0.0,0.0,0.0,0.0,0.0,0,0,0,0,0.0,1,0,0,1,1,1,1,1,0,3.0
Active,0.0,0.0,0,4100000,4100000,0.6774193548387096,0.0,0.0,Growth,0.0,0.0,0.0,0.0,0.0,0.0,0.0,0.0,0.0,0.0,0.0,0,1,0,0,0.0,0,0,0,0,1,0,1,3,0,8.0
Active,0.0,0.0,0,6000000,6000000,0.6774193548387096,0.0,0.0,Growth,0.0,0.0,0.0,0.0,0.0,0.0,0.0,0.0,0.0,0.0,0.0,0,0,0,0,0.0,0,0,0,0,1,0,1,3,0,10.0
Active,0.0,0.0,1,50000,50000,0.6774193548387096,0.0,0.0,Early,0.0,0.0,0.0,0.0,0.0,0.0,0.0,0.0,0.0,0.0,0.0,1,0,0,0,0.0,0,0,0,0,1,0,1,1,0,6.0
Active,0.0,0.0,1,1500000,1500000,0.7419354838709677,0.0,0.0,Early,0.0,0.0,0.0,0.0,0.0,0.0,0.0,0.0,0.0,0.0,0.0,0,0,0,0,0.0,0,0,0,1,4,0,2,2,3,14.0
Active,0.0,0.0,0,125000,125000,0.6451612903225806,0.0,0.0,Early,0.0,0.0,0.0,0.0,0.0,0.0,0.0,0.0,0.0,0.0,0.0,0,0,0,0,0.0,0,0,0,0,2,0,2,2,0,7.0
Active,0.0,0.0,0,140000,140000,0.6451612903225806,0.0,0.0,Early,0.0,0.0,0.0,0.0,0.0,0.0,0.0,0.0,0.0,0.0,0.0,1,0,0,0,0.0,0,0,0,0,1,0,2,4,0,6.0
Active,0.0,0.0,1,20000,31000,0.6451612903225806,0.0,0.0,Early,0.0,0.0,0.0,0.0,0.0,0.0,0.0,0.0,0.0,0.0,0.0,0,0,0,0,0.0,0,0,0,0,1,0,1,4,0,4.0
Active,0.0,0.0,0,200000,200000,0.6774193548387096,0.0,0.0,Not known,0.0,0.0,0.0,0.0,0.0,0.0,0.0,0.0,0.0,0.0,0.0,0,0,0,0,0.0,0,0,0,0,1,0,1,5,0,6.0
Active,0.0,0.0,0,15000,15000,0.6774193548387096,0.0,0.0,Early,0.0,0.0,0.0,0.0,0.0,0.0,0.0,0.0,0.0,0.0,0.0,0,0,0,0,0.0,0,0,0,1,1,0,2,5,1,5.0
Active,0.0,0.0,0,1100000,1100000,0.7096774193548387,0.0,0.0,Growth,0.0,0.0,0.0,0.0,0.0,0.0,0.0,0.0,0.0,0.0,0.0,0,0,0,0,0.0,0,0,0,1,1,0,2,3,1,7.0
Active,0.0,0.0,0,543000,2000000,0.6774193548387096,0.0,0.0,Growth,0.0,0.0,0.0,0.0,0.0,0.0,0.0,0.0,0.0,0.0,0.0,0,0,0,0,0.0,0,0,0,0,1,0,3,2,0,5.0
Active,0.0,0.0,1,8300,8300,0.7741935483870968,0.0,0.0,Early,0.0,0.0,0.0,0.0,0.0,0.0,0.0,0.0,0.0,0.0,0.0,0,0,0,0,0.0,0,0,0,0,1,1,1,2,1,3.0
Active,0.0,0.0,1,32000,32000,0.8064516129032258,0.0,0.0,Early,0.0,0.0,0.0,0.0,0.0,0.0,0.0,0.0,0.0,0.0,0.0,0,0,0,0,0.0,0,1,0,1,1,0,1,2,1,6.0
Active,0.0,0.0,0,390000,390000,0.6774193548387096,0.0,0.0,Early,0.0,0.0,0.0,0.0,0.0,0.0,0.0,0.0,0.0,0.0,0.0,1,0,0,0,0.0,0,0,0,0,1,0,2,3,0,7.0
Active,0.0,0.0,0,100000,100000,0.6451612903225806,0.0,0.0,Growth,0.0,0.0,0.0,0.0,0.0,0.0,0.0,0.0,0.0,0.0,0.0,0,0,0,0,0.0,0,0,0,0,1,0,2,6,0,6.0
Active,0.0,0.0,1,4500000,4500000,0.6774193548387096,0.0,0.0,Early,0.0,0.0,0.0,0.0,0.0,0.0,0.0,0.0,0.0,0.0,0.0,0,0,0,0,0.0,0,0,0,0,1,0,3,3,0,10.0
Active,0.0,0.0,1,110000,110000,0.6451612903225806,0.0,0.0,Early,0.0,0.0,0.0,0.0,0.0,0.0,0.0,0.0,0.0,0.0,0.0,0,0,0,0,0.0,0,0,0,0,1,0,1,3,0,6.0
Active,0.0,0.0,1,1200000,1200000,0.6451612903225806,0.0,0.0,Early,0.0,0.0,0.0,0.0,0.0,0.0,0.0,0.0,0.0,0.0,0.0,0,0,0,0,0.0,0,0,0,0,1,0,5,8,0,8.0
Active,0.0,0.0,1,150000,150000,0.8064516129032258,0.0,0.0,Early,0.0,0.0,0.0,0.0,0.0,0.0,0.0,0.0,0.0,0.0,0.0,0,0,0,0,0.0,1,0,1,0,1,0,1,2,1,8.0
Active,0.0,0.0,0,341000,341000,0.6451612903225806,0.0,0.0,Early,0.0,0.0,0.0,0.0,0.0,0.0,0.0,0.0,0.0,0.0,0.0,0,1,0,0,0.0,0,0,0,0,1,0,1,4,0,8.0
Active,0.0,0.0,0,1200000,1200000,0.7419354838709677,0.0,0.0,Growth,0.0,0.0,0.0,0.0,0.0,0.0,0.0,0.0,0.0,0.0,0.0,0,0,0,0,0.0,0,0,0,1,1,0,1,3,1,10.0
Active,0.0,0.0,0,0,0,0.4838709677419355,0.0,0.0,Not known,0.0,0.0,0.0,0.0,0.0,0.0,0.0,0.0,0.0,0.0,0.0,1,0,0,0,0.0,0,0,0,0,1,0,1,3,0,0.0
Active,0.0,0.0,0,330000,330000,0.6451612903225806,0.0,0.0,Growth,0.0,0.0,0.0,0.0,0.0,0.0,0.0,0.0,0.0,0.0,0.0,0,0,0,0,0.0,0,0,0,0,1,0,1,3,0,8.0
Active,0.0,0.0,0,200000,200000,0.6451612903225806,0.0,0.0,Early,0.0,0.0,0.0,0.0,0.0,0.0,0.0,0.0,0.0,0.0,0.0,0,0,0,0,0.0,0,0,0,0,1,0,1,2,0,6.0
Active,0.0,0.0,0,1055000,1055000,0.6451612903225806,0.0,0.0,Early,0.0,0.0,0.0,0.0,0.0,0.0,0.0,0.0,0.0,0.0,0.0,0,0,0,0,0.0,0,0,1,0,1,0,2,1,1,9.0
Active,0.0,0.0,0,1200000,1200000,0.6129032258064516,0.0,0.0,Growth,0.0,0.0,0.0,0.0,0.0,0.0,0.0,0.0,0.0,0.0,0.0,0,0,0,0,0.0,0,0,0,0,1,0,1,5,0,12.0
Active,0.0,0.0,1,15000,15000,0.3870967741935484,0.0,0.0,Early,0.0,0.0,0.0,0.0,0.0,0.0,0.0,0.0,0.0,0.0,0.0,0,0,0,0,0.0,0,0,0,1,1,0,1,0,1,4.0
Active,0.0,0.0,1,100000,100000,0.6774193548387096,0.0,0.0,Early,0.0,0.0,0.0,0.0,0.0,0.0,0.0,0.0,0.0,0.0,0.0,0,0,0,0,0.0,0,0,0,0,1,0,2,1,0,6.0
Active,0.0,0.0,1,50000,50000,0.8064516129032258,0.0,0.0,Early,0.0,0.0,0.0,0.0,0.0,0.0,0.0,0.0,0.0,0.0,0.0,0,0,0,0,0.0,1,0,0,1,1,0,1,3,1,3.0
Active,0.0,0.0,0,50000000,50000000,0.6774193548387096,0.0,0.0,Growth,0.0,0.0,0.0,0.0,0.0,0.0,0.0,0.0,0.0,0.0,0.0,1,0,0,0,0.0,0,0,0,0,1,0,1,3,0,39.0
Active,0.0,0.0,0,70000,70000,0.6129032258064516,0.0,0.0,Not known,0.0,0.0,0.0,0.0,0.0,0.0,0.0,0.0,0.0,0.0,0.0,1,0,0,0,0.0,0,0,0,0,1,0,1,2,0,6.0
Active,0.0,0.0,1,50000,50000,0.7419354838709677,0.0,0.0,Early,0.0,0.0,0.0,0.0,0.0,0.0,0.0,0.0,0.0,0.0,0.0,0,1,0,0,0.0,0,1,0,1,1,0,1,2,1,5.0
Active,0.0,0.0,0,0,0,0.6129032258064516,0.0,0.0,Early,0.0,0.0,0.0,0.0,0.0,0.0,0.0,0.0,0.0,0.0,0.0,1,0,0,0,0.0,0,0,0,0,1,4,1,4,0,7.0
Active,0.0,0.0,1,20000,50000,0.8064516129032258,0.0,0.0,Early,0.0,0.0,0.0,0.0,0.0,0.0,0.0,0.0,0.0,0.0,0.0,0,0,0,0,7.0,1,0,0,1,1,2,1,2,1,5.0
Active,0.0,0.0,1,740000,9000000,0.6774193548387096,0.0,0.0,Early,0.0,0.0,0.0,0.0,0.0,0.0,0.0,0.0,0.0,0.0,0.0,0,0,0,0,319.0,0,0,0,0,2,0,1,4,0,10.0
Active,0.0,0.0,0,125000,300000,0.6451612903225806,0.0,0.0,Early,0.0,0.0,0.0,0.0,0.0,0.0,0.0,0.0,0.0,0.0,0.0,0,0,0,0,0.0,0,0,0,0,1,0,3,6,0,7.0
Active,0.0,0.0,0,7000000,7000000,0.7741935483870968,0.0,0.0,Not known,0.0,0.0,0.0,0.0,0.0,0.0,0.0,0.0,0.0,0.0,0.0,1,0,0,0,0.0,0,0,0,1,5,1,2,3,0,4.0
Active,0.0,0.0,1,95000,95000,0.7741935483870968,0.0,0.0,Early,0.0,0.0,0.0,0.0,0.0,0.0,0.0,0.0,0.0,0.0,0.0,0,0,0,0,0.0,1,1,1,0,1,0,3,1,1,10.0
Active,0.0,0.0,1,126480,126480,0.8387096774193549,0.0,0.0,Early,0.0,0.0,0.0,0.0,0.0,0.0,0.0,0.0,0.0,0.0,0.0,0,0,0,0,0.0,1,1,0,1,1,1,1,3,1,5.0
Active,0.0,0.0,1,130000,130000,0.8064516129032258,0.0,0.0,Early,0.0,0.0,0.0,0.0,0.0,0.0,0.0,0.0,0.0,0.0,0.0,0,0,0,0,0.0,0,0,1,0,1,1,2,2,1,13.0
Active,0.0,0.0,0,30000,30000,0.6451612903225806,0.0,0.0,Early,0.0,0.0,0.0,0.0,0.0,0.0,0.0,0.0,0.0,0.0,0.0,0,0,0,0,0.0,0,0,1,0,1,0,2,3,1,6.0
Active,0.0,0.0,0,2600000,2600000,0.6451612903225806,0.0,0.0,Early,0.0,0.0,0.0,0.0,0.0,0.0,0.0,0.0,0.0,0.0,0.0,0,0,0,0,0.0,0,0,0,0,1,0,1,3,0,5.0
Active,0.0,0.0,0,2600000,2600000,0.6774193548387096,0.0,0.0,Early,0.0,0.0,0.0,0.0,0.0,0.0,0.0,0.0,0.0,0.0,0.0,0,0,0,0,0.0,0,0,0,0,1,0,1,3,1,5.0
Active,0.0,0.0,0,94000000,94000000,0.7096774193548387,0.0,0.0,Mature,0.0,0.0,0.0,0.0,0.0,0.0,0.0,0.0,0.0,0.0,0.0,0,0,0,0,0.0,0,0,0,1,1,0,2,2,1,20.0
Active,0.0,0.0,1,60000,40000,0.7741935483870968,0.0,0.0,Early,0.0,0.0,0.0,0.0,0.0,0.0,0.0,0.0,0.0,0.0,0.0,1,0,0,0,94.0,0,0,0,1,1,2,2,3,1,3.0
Active,0.0,0.0,1,13630000,13630000,0.7419354838709677,0.0,0.0,Growth,0.0,0.0,0.0,0.0,0.0,0.0,0.0,0.0,0.0,0.0,0.0,1,0,0,0,0.0,0,0,0,1,1,2,3,4,0,9.0
Active,0.0,0.0,1,25000,80000,0.7419354838709677,0.0,0.0,Early,0.0,0.0,0.0,0.0,0.0,0.0,0.0,0.0,0.0,0.0,0.0,0,0,0,0,33.0,0,0,1,0,5,0,4,3,1,8.0
Active,0.0,0.0,1,250000,250000,0.7419354838709677,0.0,0.0,Early,0.0,0.0,0.0,0.0,0.0,0.0,0.0,0.0,0.0,0.0,0.0,0,0,0,0,0.0,0,0,0,1,1,0,1,6,1,6.0
Active,0.0,0.0,0,10000,10000,0.6451612903225806,0.0,0.0,Early,0.0,0.0,0.0,0.0,0.0,0.0,0.0,0.0,0.0,0.0,0.0,1,0,0,0,0.0,0,0,0,0,1,0,1,3,0,4.0
Active,0.0,0.0,1,13000,13000,0.0,0.0,0.0,Early,0.0,0.0,0.0,0.0,0.0,0.0,0.0,0.0,0.0,0.0,0.0,0,0,0,0,0.0,0,0,1,0,1,0,1,0,1,5.0
Active,0.0,0.0,1,60000,60000,0.6451612903225806,0.0,0.0,Early,0.0,0.0,0.0,0.0,0.0,0.0,0.0,0.0,0.0,0.0,0.0,0,0,0,0,0.0,0,0,0,0,1,0,1,7,0,5.0
Active,0.0,0.0,0,20000,0,0.7096774193548387,0.0,0.0,Early,0.0,0.0,0.0,0.0,0.0,0.0,0.0,0.0,0.0,0.0,0.0,0,0,0,0,0.0,0,0,0,1,1,1,2,1,0,3.0
Active,0.0,0.0,0,40000000,40000000,0.7419354838709677,0.0,0.0,Early,0.0,0.0,0.0,0.0,0.0,0.0,0.0,0.0,0.0,0.0,0.0,0,0,0,0,0.0,0,0,0,1,4,0,1,1,3,13.0
Active,0.0,0.0,1,227000,0,0.6451612903225806,0.0,0.0,Not known,0.0,0.0,0.0,0.0,0.0,0.0,0.0,0.0,0.0,0.0,0.0,0,0,0,0,0.0,0,0,0,0,1,0,2,4,0,9.0
Active,0.0,0.0,0,30000,30000,0.8387096774193549,0.0,0.0,Early,0.0,0.0,0.0,0.0,0.0,0.0,0.0,0.0,0.0,0.0,0.0,0,0,0,0,0.0,1,1,1,0,1,0,3,1,1,4.0
Active,0.0,0.0,0,20000,20000,0.6129032258064516,0.0,0.0,Early,0.0,0.0,0.0,0.0,0.0,0.0,0.0,0.0,0.0,0.0,0.0,0,0,0,0,0.0,0,0,0,0,1,0,2,3,0,6.0
Active,0.0,0.0,0,50000,50000,0.7419354838709677,0.0,0.0,Not known,0.0,0.0,0.0,0.0,0.0,0.0,0.0,0.0,0.0,0.0,0.0,0,1,0,0,0.0,0,1,0,1,1,0,3,1,1,0.0
Active,0.0,0.0,1,50000,50000,0.6451612903225806,0.0,0.0,Early,0.0,0.0,0.0,0.0,0.0,0.0,0.0,0.0,0.0,0.0,0.0,0,0,0,0,0.0,0,0,0,0,1,0,1,5,0,7.0
Active,0.0,0.0,1,2700000,2700000,0.6774193548387096,0.0,0.0,Early,0.0,0.0,0.0,0.0,0.0,0.0,0.0,0.0,0.0,0.0,0.0,0,0,0,0,0.0,0,0,0,1,1,0,1,1,0,8.0
Active,0.0,0.0,1,53000,70000,0.7741935483870968,0.0,0.0,Early,0.0,0.0,0.0,0.0,0.0,0.0,0.0,0.0,0.0,0.0,0.0,1,0,0,0,0.0,0,1,0,1,1,0,2,2,1,6.0
Active,0.0,0.0,0,218000,218000,0.6451612903225806,0.0,0.0,Mature,0.0,0.0,0.0,0.0,0.0,0.0,0.0,0.0,0.0,0.0,0.0,1,0,0,0,0.0,0,0,0,0,1,0,3,3,0,6.0
Active,0.0,0.0,0,21500000,21500000,0.5806451612903226,0.0,0.0,Growth,0.0,0.0,0.0,0.0,0.0,0.0,0.0,0.0,0.0,0.0,0.0,0,0,0,0,0.0,0,0,0,0,1,0,0,3,0,13.0
Active,0.0,0.0,0,200000,200000,0.6451612903225806,0.0,0.0,Early,0.0,0.0,0.0,0.0,0.0,0.0,0.0,0.0,0.0,0.0,0.0,1,0,0,0,0.0,0,0,0,0,1,0,1,4,0,7.0
Active,0.0,0.0,1,5000,5000,0.7741935483870968,0.0,0.0,Early,0.0,0.0,0.0,0.0,0.0,0.0,0.0,0.0,0.0,0.0,0.0,0,0,0,0,0.0,1,0,0,1,1,0,2,2,1,4.0
Active,0.0,0.0,1,25000,25000,0.8064516129032258,0.0,0.0,Early,0.0,0.0,0.0,0.0,0.0,0.0,0.0,0.0,0.0,0.0,0.0,0,0,0,0,0.0,0,1,0,1,1,0,2,1,1,7.0
Active,0.0,0.0,0,100000,100000,0.7096774193548387,0.0,0.0,Not known,0.0,0.0,0.0,0.0,0.0,0.0,0.0,0.0,0.0,0.0,0.0,1,0,0,0,0.0,0,0,0,0,1,1,0,1,0,2.0
Active,0.0,0.0,0,100000,100000,0.7419354838709677,0.0,0.0,Not known,0.0,0.0,0.0,0.0,0.0,0.0,0.0,0.0,0.0,0.0,0.0,1,0,0,0,0.0,0,0,0,0,1,1,1,2,0,2.0
Active,0.0,0.0,0,100000,100000,0.7096774193548387,0.0,0.0,Not known,0.0,0.0,0.0,0.0,0.0,0.0,0.0,0.0,0.0,0.0,0.0,0,0,0,0,0.0,0,0,0,0,1,1,0,1,0,2.0
Active,0.0,0.0,0,100000,100000,0.5806451612903226,0.0,0.0,Not known,0.0,0.0,0.0,0.0,0.0,0.0,0.0,0.0,0.0,0.0,0.0,1,0,0,0,0.0,0,0,0,0,1,1,0,1,0,2.0
Active,0.0,0.0,0,100000,100000,0.7741935483870968,0.0,0.0,Not known,0.0,0.0,0.0,0.0,0.0,0.0,0.0,0.0,0.0,0.0,0.0,0,0,0,0,0.0,0,0,0,1,1,1,1,1,0,2.0
Active,0.0,0.0,0,100000,100000,0.5483870967741935,0.0,0.0,Not known,0.0,0.0,0.0,0.0,0.0,0.0,0.0,0.0,0.0,0.0,0.0,0,1,0,0,0.0,0,0,0,0,1,1,0,2,0,2.0
Active,0.0,0.0,0,100000,100000,0.7741935483870968,0.0,0.0,Not known,0.0,0.0,0.0,0.0,0.0,0.0,0.0,0.0,0.0,0.0,0.0,0,1,0,0,0.0,0,0,1,0,1,1,2,2,0,2.0
Active,0.0,0.0,0,100000,100000,0.6774193548387096,0.0,0.0,Not known,0.0,0.0,0.0,0.0,0.0,0.0,0.0,0.0,0.0,0.0,0.0,0,0,0,0,0.0,0,0,0,0,2,1,0,1,0,2.0
Active,0.0,0.0,0,100000,100000,0.6451612903225806,0.0,0.0,Not known,0.0,0.0,0.0,0.0,0.0,0.0,0.0,0.0,0.0,0.0,0.0,0,1,0,0,0.0,0,0,0,0,1,1,0,2,0,2.0
Active,0.0,0.0,0,500000,500000,0.7741935483870968,0.0,0.0,Not known,0.0,0.0,0.0,0.0,0.0,0.0,0.0,0.0,0.0,0.0,0.0,1,0,0,0,0.0,1,0,0,1,1,2,2,1,0,6.0
Active,0.0,0.0,0,100000,100000,0.5806451612903226,0.0,0.0,Not known,0.0,0.0,0.0,0.0,0.0,0.0,0.0,0.0,0.0,0.0,0.0,0,0,0,0,0.0,0,0,0,0,1,1,0,2,0,2.0
Active,0.0,1.0,0,1000,1000,0.9032258064516129,0.0,0.0,Not known,0.0,0.0,0.0,0.0,0.0,0.0,0.0,0.0,0.0,0.0,0.0,0,0,0,0,0.0,1,0,0,1,1,0,1,1,1,2.0
Active,0.0,2.0,0,10000,10000,0.8709677419354839,0.0,0.0,Not known,0.0,0.0,0.0,0.0,0.0,0.0,0.0,0.0,0.0,0.0,0.0,0,0,0,0,365.0,1,1,1,0,1,0,2,1,1,5.0
Active,0.0,0.0,0,3000,3000,0.7419354838709677,0.0,0.0,Not known,0.0,0.0,0.0,0.0,0.0,0.0,0.0,0.0,0.0,0.0,0.0,0,0,0,0,0.0,0,0,0,1,1,0,3,1,0,3.0
Active,0.0,0.0,1,7150000,7150000,0.5483870967741935,0.0,0.0,Not known,0.0,0.0,0.0,0.0,0.0,0.0,0.0,0.0,0.0,0.0,0.0,1,0,0,0,0.0,0,0,0,1,1,0,1,2,1,7.0
Active,0.0,0.0,1,100000,100000,0.8709677419354839,0.0,0.0,Not known,0.0,0.0,0.0,0.0,0.0,0.0,0.0,0.0,0.0,0.0,0.0,0,0,0,0,69.0,1,0,0,1,1,1,2,1,1,6.0
Active,0.0,0.0,1,9000000,9000000,0.7096774193548387,0.0,0.0,Not known,0.0,0.0,0.0,0.0,0.0,0.0,0.0,0.0,0.0,0.0,0.0,0,0,0,0,882.0,1,0,1,0,1,2,2,1,1,9.0
Active,0.0,0.0,0,0,0,0.4838709677419355,0.0,0.0,Not known,0.0,0.0,0.0,0.0,0.0,0.0,0.0,0.0,0.0,0.0,0.0,0,0,0,0,0.0,0,0,1,0,1,1,2,0,1,6.0
Active,0.0,0.0,0,1400000,2200000,0.2903225806451613,0.0,0.0,Not known,0.0,0.0,0.0,0.0,0.0,0.0,0.0,0.0,0.0,0.0,0.0,0,0,0,0,294.0,0,0,0,1,2,2,2,0,6,8.0
Active,0.0,0.0,1,7900000,7900000,0.8387096774193549,0.0,0.0,Not known,0.0,0.0,0.0,0.0,0.0,0.0,0.0,0.0,0.0,0.0,0.0,1,0,0,0,0.0,0,1,0,1,8,3,1,2,8,7.0
Active,0.0,0.0,0,1130000,2400000,0.8387096774193549,0.0,0.0,Not known,0.0,0.0,0.0,0.0,0.0,0.0,0.0,0.0,0.0,0.0,0.0,1,0,0,0,578.0,0,1,0,1,2,3,1,2,2,7.0
Active,0.0,0.0,0,375000,375000,0.7096774193548387,0.0,0.0,Not known,0.0,0.0,0.0,0.0,0.0,0.0,0.0,0.0,0.0,0.0,0.0,0,0,0,0,0.0,0,0,0,1,1,3,3,1,1,3.0
Active,0.0,0.0,0,100000,100000,0.7419354838709677,0.0,0.0,Not known,0.0,0.0,0.0,0.0,0.0,0.0,0.0,0.0,0.0,0.0,0.0,0,0,0,0,0.0,0,0,1,0,1,1,2,1,1,5.0
Active,0.0,0.0,1,50000,50000,0.6774193548387096,0.0,0.0,Not known,0.0,0.0,0.0,0.0,0.0,0.0,0.0,0.0,0.0,0.0,0.0,0,0,0,0,0.0,0,0,0,1,1,0,3,1,1,4.0
